The machines are still not ready. We devide to give up and use our own machines to conduct the experiments.

The problem is that our machines have different hardware configurations. However, if our goal is to measure the performance differences between inside and outside the virtual machines, there is no implication of this approach.

Firstly, we use IOZone to measure the local host machine IO performance on two machines, with 32-bit Windows 7 and 64-bit Ubuntu 12.04.
The machine hardware features and the IO performance results are as follows:

The explanation of the data is at the last part of this report.

=====================================================================================================================

Host OS - 32-bit Microsoft Windows 7 Ultimate
VM – n/a
Guset OS – n/a

System Configuration:
Intel CORE2 Duo   CPU  P8600 @ 2.40 GHz 
RAM : 3.00 GB



        Output is in Kbytes/sec
        Time Resolution = 0.000002 seconds.
        Processor cache size set to 1024 Kbytes.
        Processor cache line size set to 32 bytes.
        File stride size set to 17 * record size. 


                                                            random  random    bkwd   record   stride                                   
              KB  reclen   write rewrite    read    reread    read   write    read  rewrite     read   fwrite frewrite   fread  freread
              64       4   53248  111663   307247   334741  270089   71592   94284   100557   270577    53611   124276  182030   241337
              64       8   73204  140761   521356   593767  476526  161761  117356   140761   408823   172383   154098  393761   409943
              64      16   92136  157670   779319   840614  644953  207818  129325   158842   644953   171790   173785  497107   556242
              64      32  197140  166070  1053727  1159917  941064  214676  136274   178342   864909   187976   185874  593767   702485
              64      64  124276  186803  1360266  1438743 1092184  230198  145130   221018  1068780   304744   219076  659159   835917
             128       4   81408  171987   328855   343975  291675  127398  141226   115677   271806   161761   192573  266718   278380
             128       8  242118  255995   566777   507218  493826  190247  147490   205817   513308   262277   224163  372675   381707
             128      16  173182  249382   862416   938114  789600  300762  230376   247321   781354   282319   285552  559361   608249
             128      32  237884  264362  1178183  1295491 1116636  387139  255340   291391  1046358   363619   305365  687950   777295
             128      64  526863 1064977  3694550  4675915 3788083 1372745  710828  1004223  3085140   959162  1178183 1324153  2671952
             128     128  230376  355836  1770761  1858749 1617614  499597  277348   338911  1092184   347167   484237  742577  1004223
             256       4  114395  196042   336623   362957  328675  138002  187740   140167   295856   188866   231803  859938   953052
             256       8  459337  267314   631347   607631  555726  248760  284331   275941   533437   318529   326345  469793   497107
             256      16  180657  325635   886692   956097  835917  385394  343580   335868   715074   390677   391443  592591   619583
             256      32  226539  424480  1226469  1344982 1189895  513308  416215   425083  1153212   582782   452393  748146   808807
             256      64  203993  390932   944033  1630837 1474180  615125  416794   562516  1411597   620225   478431  832430   939587
             256     128  291675  405224  1750050  1906105 1729818  737090  468323   737090  1223961   681682   500014  850166  1035496
             256     256  340841  396631  1858749  2022017 1835942  750021  460397   669482  1685964   496694   673247  307404   380494
             512       4  106811  209564   339199   350010  299483  143718  220083   142487   260905   181506   232524  275053   282652
             512       8  389026  320319   569203   601827  517972  249226  333993   229360   492201   358179   357004  442690   459867
             512      16  261019  342695   834752   899349  788041  410083  418543   336340   738454   535585   452052  576884   605174
             512      32  252219  511334  1168978  1276156 1184010  588223  583634   605480  1162169   571649   560671  751906   787004
             512      64  741657  611355  1357181  1587578 1419969  694738  423579  1536629  4483275   864284   576606  877591   960701
             512     128  395583  445822  1750050  1943237 1819201  907531  687555   582498  1671835   808260   832430  849563  1042712
             512     256  960701  538719  1955938  2056760 1988429  950027  754750   806083  1870366   923637   779319  319720   367865
             512     512  851981 1685964  6470456  6650191 4483275 1810944 1861639  1085253  1852994   816531  1000864  551120   747212
            1024       4  102192  232163   358179   382928  320233  122208  254471   170566   416359   713369   262968  296626   314017
            1024       8  214791  349244   609953   627212  550487  295381  419203   283523   530247   407570   358823  483162   503061
            1024      16  692527 1306093  2340243  2783801 2420696 1361039 1588632  1482395  2133751  1861639  1633062 1626405  1880651
            1024      32  810998  506145  1183425  1274118 1087718  690132  727901   766102  1147134   721322   712308  785198   832719
            1024      64  591566 1511407  1544560  1693118 1602455  926138  943289  1060730  1420812  1020489   986431  916916   984403
            1024     128  340792  716143  1729818  1885093 1850130 1104275 1035945  1162169  1880651  1177604   806083  748614  1021360
            1024     256  348837  792475  1962351  2128061 2025439 1190486 1096687  1346495  2018607  1157114   746280  343580   385766
            1024     512 1192859 1737350  4030419  5727437 4099433 2475769 2135654  3311298  3782099  1766840  3053659  345713   372501
            1024    1024  567718  743038  2208550  2252181 2037505 1237884  864909  1104275  1895541  1125561  1132482  308434   357217
            2048       4  148124  244867   966129  1056284  904104  161439  274801   360199   631097   493673   265241  310032   313195
            2048       8  232242  350856   632849   651802  562516  304337  464146   304066   758697   902911   389311  483992   484384
            2048      16  322498  440977   905986   942918  845960  439198  660250   470439   687456   653046   564173  599791   629686
            2048      32  407119  621593  1266703  1345738 1217736  759419  916214   751434   973792   703103   862416  800558   825825
            2048      64  491544  592738  1521492  1661394 1571426  979569 1143845   963408  1483773  1052106  2026296  934818   967496
            2048     128  720562  752378  3228683  3020907 2091803 1799375 2460502  3196353  4337081  2564615  2700585 1376297  1770761
            2048     256  553926  819185  1951951  2033179 1944026 1252455 1381060  1583902  2096382  1357951  1204563  370713   385735
            2048     512  521016  849864  2043592  2118645 2026296 1359494 1417447  1473273  2146184  1397588  1387866  319678   387170
            2048    1024  992771  781736  2017757  2129954 1945606 1241093 1367648  1421656  2045338  1265029   987855  341619   330718
            2048    2048  530306  681391  1342343  1348771 1414098  921504  919028  1022450  1102241  1026176  1009729  260962   279338
            4096       4  366570  223541   288537   295135  586135  352172  240169   356101   212735   213932   213789  242683   378464
            4096       8  272432  326467   385146   389311  357363  382806  385285   308077   293094   325457   324839  348798   430433
            4096      16  626104 1138406   531926   553926  451839  618902  518673   519884   379784   454562   793329  425612   503352
            4096      32  399727  449907   693530   706892  660523  428123  673105   847008   512401   532814   519574  526603   535765
            4096      64  719479 1120032  1436369  1670086 1499338 1149889  879848  3412785  1439608  1382656   147606 1264695  1405588
            4096     128 1133152 1177314  1743677  2023726 1928756 1413681 1926816  4300079  1855507  1538110  1467403 1492096  1553329
            4096     256  548783  637908   906243   918852 1050030  617067  899096  1312897  1743042   851148   554471  300356   301957
            4096     512  466339  654027   935091   948521  881793  690829  960316  1781301  2206515   871679   709038  283749   340114
            4096    1024  444436  641111   967202   977270  829330 1091686  929645  1748772  4143780   841278   591858  339355   585633
            4096    2048  438715  551469   705330   706058  629272  974684  645954   881468  1149337   691627   591529  243931   267561
            4096    4096  418269  524698   620144   637271  634148  585525  579011   594910   637016   633980   566408  465229   516157
            8192       4  157424  213899   408831   522722  499597  177654  237121   539858   234448   401302   212713  289060   636974
            8192       8  185826  344786   368360   352179  783303  241340  371216   941944   348335   603572   292454  262467   625185
            8192      16  248537  412219   515907   683043 1171481  791820  538144  1595115   983493  1014758   397298  408343   435780
            8192      32  318678  487888   635284   669038 1085930  789470  715849  1131278   497818   509728   704759  481050   943986
            8192      64  367089  552137   703801   745612  705019  633456  832068  2226523   658797   573652   563641  547920   553158
            8192     128  370921  604505   786261   798688  826931  579747  882321  1458353   699994  1053669   633309  593767   555114
            8192     256  398803  615956  1826487  1857307 1977139 1291647 1954940  4361774  1694166  1120687  1354207  752733   817925
            8192     512  404753 1336628   827324   858127  875945 1426420  986228  1883240  1039261   830013   635474  296291   406213
            8192    1024  388521  579607   815279   856324  884072 1300329  926945  1841945  2221358   799889  1198382  774967   767268
            8192    2048  811136  512388   663406  1159215 1268380 1090195  603040  1602187   752437   954430   536937  251032   579607
            8192    4096  363805  515990   579362   585203  580169 1140304  576936  1026891   467842   879848   522651  233867   318148
            8192    8192  364456  522636   666848  1149337 1207220 1169050  557846  1121278   577388   686742   532681  281212   487528
           16384       4  204562  287683   413697   742159  494055  323432  317389   565489   568603   581596   306450  463411   566559
           16384       8  271740  372715   491462  1091655  785665  314032  510095  1009064   780287   805236   380630  440278   852721
           16384      16  416436  521285   528886  1383405 1094963  775171  540223  1602925   941481  1006281   470752  514376  1020381
           16384      32  617505  522309   601081  1634734 1336302 1010315  700481  2475449  1196436  1176338   481758  588702  1085314
           16384      64  355252  592288   678831  1355980 1271792  932406  849450  3556318   601534  1357903   537864  632588  1450017
           16384     128  407202  577519   729495   768607  743528  645127  915842  1919189  1193119  1149716   574892  559484  1341825
           16384     256  400605  554046   766485   863213 2045229 1340698  894561  5487837  1715717  1437879   605623  288472   713569
           16384     512  519927  600911   785391  1717178 2104676 1310248  951703  5954469  1816354  1438689   611834  295308   787960
           16384    1024  491418  569338   820905  1502691 1485500 1270695  944429  2152334  2247556   774372   616134  333612   795950
           16384    2048  817227 1037179   694965  1230093 1224979  517993  577545  1871462  1101481  1053379   513555  263771   628962
           16384    4096  489797  568620   530659  1086484 1147787 1069825  628725   605920  1041663  1148716   516533  391183   598348
           16384    8192  504545  998178   957579  1141459 1147237 1101227  525706  1108044   645105  1027497   571624  330330   589881
           16384   16384  695192  700186   797225   780128  480833  916499  803058   796248   988799   979319   929825  404215   320418
           32768      64  368658 1098889   180912  1578713 1378724 1094415 1537215  3443929  1438500  1288281  1040108 1253152  1022696
           32768     128  570734  654022  1683333  1638125 1468725  754988 1132098  4387252  1253849  1111243  1278712 1237364   992218
           32768     256  783840 1069765  1479361  1558480 1770351 1270568 1197745  5861082  1383005  1219538   768900  512021   831887
           32768     512  939898  948980  1039007  1530153 1501042 1297422  957184  3739089  1193416  1343873   672692  604472   831120
           32768    1024  626529 1166291   821187  1204316 1703509 1168248 1383255  5266754  1615192  1147529   642412  501080   710775
           32768    2048  686379  548775   748278  1168087 1163828 1067842  842333  1611286  1619905  1147185   928226  483686   534867
           32768    4096  767929  854604   767514  1050635  987181  985467  685740   915995  1017372   909913   681706  461004   492217
           32768    8192  705421  732845   917509   957125 1004539  971532  677852  1046444   825576  1097425   550724  424574   595937
           32768   16384  652151 1055004  1039501  1088708 1084469 1068944  748241  1093525   666152  1084270   752127  478679   606083
           65536      64  738016 1030240  1175291  1761275 1589011 1095918 1326227  3765924  1376804   866498  1037102  954335  1398915
           65536     128  664163  826222  1003559  1640036 1687839 1169041 1384355  4768616  1401487  1287566   840747  902475  1457201
           65536     256  804099 1183964  1215340  1857960 1746977 1271760 1471787  5631654  1543098  1358891   923815  641352   861563
           65536     512  867843 1282404  1140058  1937855 1848389 1291157 1392343  6032537  1504757  1364409   945910  624734   861442
           65536    1024  946523  816126  1091430  1709934 1654362 1187120 1192386  6023999  1722777  1231744   884899  557369   784647
           65536    2048  782020  730595   817925  1158680 1151392 1051017  934909  1545978   740886   960485   951413  471373   595266
           65536    4096  780017  731722   823265  1087224 1103782 1060965  794320  1144819   890464  1101029   786556  403305   579123
           65536    8192  872851  864792   986774  1078007 1093221 1068006  631888  1073731   826645  1096671   889766  482328   600645
           65536   16384  820532  838952  1010508  1085238 1091702 1057940  834075   765918  1074620  1075918   857335  489228   574590
          131072      64  851591 1066181  1285470  1724532 1519410  941944 1437602  3812164  1347833  1251412  1051172 1278893  1279149
          131072     128  796361 1032562  1225748  1861413 1733566 1215798 2174619  3243000  1349466  1309648  1015087 1162010  1484794
          131072     256  876885 1076636  1397059  1875965 1817981 1027859 1659100  5821223  1279625  1345827  1121261  695272   849779
          131072     512  946304 1090858  1412312  1908527 1838685 1252737 1723950  6033487  1480791  1314564  1145187  702765   847160
          131072    1024  873538 1023827  1034766  1729564 1703783 1164036 1687700  6177121  1678732  1237339  1084255  680637   713580
          131072    2048  759140  911266   873932  1163700 1170099  851011  987544  1454580  1058268  1061822   921438  572162   568586
          131072    4096  829464  869106    34727   606148  925137  537314  944423  1171629  1009416   915057   928633  535630   556015
          131072    8192  812303  993019   935640  1019420  952738  850570 1015319   934401   957813  1028373   917287  523052   572648
          131072   16384  774793  896815  1036081  1028808 1001859  915300  929800   966769   972985   925325   932860  472874   552340
          262144      64  918257 1053204  1456152  1706430 1470078 1056728 1822642  2584253  1304411  1245408  1095834 1241711  1353875
          262144     128 1000071 1150949  1562520  1360082 1513351 1068877 1956413  3184843  1440593  1314220  1146571 1199182  1470187
          262144     256  964504 1140293  1511317  1906260 1746350 1261574 1806647  3463704  1358827  1306917  1192764  800433   858961
          262144     512 1004371 1163186  1560138  1781316 1833580 1175530 2084553  4234918  1251586  1369522  1161753  785816   845967
          262144    1024  944090 1123143  1442943  1774755 1678107  874160 1756354  4019159  1465032  1175902  1034179  752326   754772
          262144    2048  744842  920329  1025281  1032143 1140446 1059132 1193677  1683805  1083250   964645   968638  572306   604084
          262144    4096  794223  916353   153482  1054915 1068585 1031676 1074851  1068765  1007778   991860   907525  529594   578812
          262144    8192  836960  919102  1031495  1044164 1009378  834402  964247  1026287  1039958  1039270   937007  540036   550299
          262144   16384  873949  941822   984523   980218 1009626  949223 1030486  1045908  1036505  1077327   996333  460741   460772
          524288      64   70720   59673  1450054  1612657 1396508   89892 1817941  3714670  1078547   111932   102086 1130805  1133552
          524288     128   98865  118015  1722334  1708883 1649917   98657 2019845  4036777  1361124   138183   133934 1095583  1456225
          524288     256   70196   21187  1721623  1740288 1749388   47365 2262090  4726308  1373304    91113   104253  808968   838088
          524288     512   75731  121295  1741232  1905015 1823998  144736 2157228  5192438  1437929   193517   134021  794414   831942
          524288    1024  186393  175248  1553709  1717691 1710075  167529 2079951  6214420  1553965   196958   210107  756909   785286
          524288    2048  169246  198609  1059933  1142071 1119622  180091 1194435  1673892  1111221   207736   169334  594245   598111
          524288    4096  194547  189524  1009277  1109377 1111535  180719 1012551  1106481  1048605   144883   173647  569337   542580
          524288    8192  184452  204328   939944  1081247 1078331  163526 1031280  1085635  1039523   186329   215584  508038   496572
          524288   16384  183510  175187  1004365  1028882 1021239  116547 1034048  1039178  1053871   189610   214805  582262   597708
          
          
          
          
          
=====================================================================================================================

Host OS - 64-bit Ubuntu 12.04 LTS Desktop
VM – n/a
Guset OS – n/a

System Configuration:

8 processors
x86_64 architecture

One processor details:

processor	: 0
vendor_id	: GenuineIntel
cpu family	: 6
model		: 58
model name	: Intel(R) Core(TM) i7-3770S CPU @ 3.10GHz
stepping	: 9
microcode	: 0x16
cpu MHz		: 1600.000
cache size	: 8192 KB
physical id	: 0
siblings	: 8
core id		: 0
cpu cores	: 4
apicid		: 0
initial apicid	: 0
fpu		: yes
fpu_exception	: yes
cpuid level	: 13
wp		: yes
flags		: fpu vme de pse tsc msr pae mce cx8 apic sep mtrr pge mca cmov pat pse36 clflush dts acpi mmx fxsr sse sse2 ss ht tm pbe syscall nx rdtscp lm constant_tsc arch_perfmon pebs bts rep_good nopl xtopology nonstop_tsc aperfmperf pni pclmulqdq dtes64 monitor ds_cpl vmx smx est tm2 ssse3 cx16 xtpr pdcm pcid sse4_1 sse4_2 x2apic popcnt tsc_deadline_timer aes xsave avx f16c rdrand lahf_lm ida arat epb xsaveopt pln pts dtherm tpr_shadow vnmi flexpriority ept vpid fsgsbase smep erms
bogomips	: 6185.53
clflush size	: 64
cache_alignment	: 64
address sizes	: 36 bits physical, 48 bits virtual
power management:



result:



  Output is in Kbytes/sec
	Time Resolution = 0.000001 seconds.
	Processor cache size set to 1024 Kbytes.
	Processor cache line size set to 32 bytes.
	File stride size set to 17 * record size.
                                                            random  random    bkwd   record   stride                                   
              KB  reclen   write rewrite    read    reread    read   write    read  rewrite     read   fwrite frewrite   fread  freread
              64       4  495445 1143223  3738358  4988978 4018152 1255511 2379626  1526887  3057153  1105556  1101022 2892445  3588436
              64       8  576282 1599680  7100397  5735102 4274062 1421755 2561267  2203800  4018152  1363961  1138375 4018152  4274062
              64      16  640954 1452528  4988978  4274062 4897948 1518251 2133730  1734015  2923952  1255511   889431 4018152  2662899
              64      32  703068 1562436  5860307  6421025 6421025 2379626 2892445  1879725  3541098  1780008  2203800 3738358  4564786
              64      64  743988 1780008  7100397  7940539 7100397 1933893 2561267  1599680  2662899  1933893  1828508 3738358  3738358
             128       4  606767 1421023  6114306  5122535 5122535 1802755 2464907  1471662  3053774  2409592  1467639 4267461  4012317
             128       8  677178 1504659  5545860  7176872 6330599 1967960 3124872  2238774  5784891  1749872  1778862 5325799  4889281
             128      16  774922 1618028  6406138  426746114200794 1911894 3124872  2409592  4557257  1637771  2784517 5545860  3560017
             128      32  795593 1911894  6330599  6330599 6406138 2409592 4267461  2608629  6406138  2608629  2367096 5122535  4934216
             128      64  800337 1705404  7082197  493421615881078 2027414 3560017  2238774  4759253  2166499  3277486 5122535  5325799
             128     128  908709 2286447  7917784  9129573 8548124 2843510 3359523  2660335  4267461  2511022  2248149 5545860  3982553
             256       4  684869 1673001  3994490  7518900 6554972 2486631 4350555  2205688  2413957  1479379  1497953 4755158  4264168
             256       8  783292 1942349  5938650  6891544 5938650 1967260 3236056  3605511  4197489  1894373  1543163 4819184  4404088
             256      16  873809 2242541  6249745  6107548 6554972 2350543 4117018  2458168  5142301  2015259  2509882 6936061  5022044
             256      32  891956 3245838  8888172  7735574 8024634 2935279 4840911  2639446  5022044  2607399  2463808 4819184  5428265
             256      64  948698 2187712  5347168  7073132 7120034 2557711 5428265  3823789  6554972  2842047  2911402 3654598  5569035
             256     128  948698 2975955  9868433  5971678 6398720 2539563 5687020  4422226  7735574  2842047  3879045 6936061  4572895
             256     256  549564 2097948 10245071  796510712228612 3465855 7314033  2392442  4070199  3275543  1622442 3879045  5117791
             512       4  718990 2169601  5019764  5164632 8265729 2830083 4340054  3122224  4882800  1705969  1619757 5344582  4457157
             512       8  842214 1977778  4838792  6632013 6104175 2265742 5019764  2891043  5886650  1968713  1938502 5067142  4927617
             512      16  917804 2722449  3259661  5227492 6319739 2625909 5115422  4375425  6246213  3437042  3046915 5822804  4340054
             512      32  982917 2786024  7211022  764757811374040 4882800 6104175  5566231 10235583  3684733  2497638 5067142  4447925
             512      64 1759070 1827947  8234036  884445311620224 4732165 8394979  5079126  8701110  2979282  2708713 7022379  6246213
             512     128 1030064 2225819  6571132  8665997 8665997 3220553 7115451  3012719  9468384  3415178  3064306 8140399  4973263
             512     256  997991 2942541  6491676  6652558 6491676 2427068 7022379  3239989  5384786  3877684  5278892 8265729  6472112
             512     512 1835760 3628697 10044089  9145790 8992598 3284589 7334159  3259661  7758090  4131319  2826358 7115451  6395018
            1024       4  763033 1570483  7472033  6744549 5564829 1995982 5175871  3393069  4789183  1657133  2348509 7020149  4433259
            1024       8 1831694 2220992  7420395  8457895 8750850 3085895 7220790  3239514  6280976  2245375  3304314 6819511  4470172
            1024      16  964336 1812371  8183918  8822754 9855234 3955557 6393168  3074849  8137402  2503178  3532609 8610501  5853003
            1024      32 1027060 2300703  9946527  7826025 7883484 2942149 6918376  5720477  5096034  4531485  3849207 7208671  5751117
            1024      64 1058967 2270300  7590887  8061038 7811791 4282950 6918376  5330028 10429596  1878973  2730767 6830356  3764854
            1024     128 1107005 3181915  5885083  6692005 8750850 4029784 6650556  6137371  7319232  4146499  2598591 6093831  2753527
            1024     256 1958662 4300102 10329265 1013428412790037 5564829 8183918  3066069  9765601  3804877  2472911 7485055  6093831
            1024     512 2165014 3941039 10769573 1161411813472053 6163794 9402175  3646583  7699755  2653170  3696803 2391665  3345496
            1024    1024 2004366 4162573 12639479 1220835012639479 5536137 9485232  5782087  4762630  2522288  2572135 5472650 11249091
            2048       4  848069 2169829  6670210  7933034 8912516 3185225 5345969  3102397  4248644  1741742  2756890 3864455  5009275
            2048       8  913453 2652192  6670210  8159088 6759439 3159451 6759439  5816563  7444871  3379461  3675930 6149699  6759439
            2048      16 1840251 3977179  8643474  5267294 8067138 2550602 7343043  4293237  7616502  3006831  2615051 7419150  6058611
            2048      32 1085848 2719361  8574451 1043980911851361 430183710780463  6990474  3494960  4321315  2656292 8229438  9808036
            2048      64 1241354 2172024  4957240  5403134 6503556 2556676 7419150  5640860  8198022  3717289  4338776 7999524  5172149
            2048     128 1142156 4196751  6024617  9610516 7933034 2248199 5059433  5970183 12635867  4783331  4267642 7159438  6649556
            2048     256 1528239 3806235  9015410 1028974110959265 3429381 7237860  6823876 11246230  2547576  4983122 7470770  5416763
            2048     512 1436010 2684517  7582884  7318020 7782107 2998435 7496851  3749743  7670915  3034448  556412910452512  6459541
            2048    1024 1183870 2257653  9268323 1060740210834854 4897882 7761014  4071433  6503556  2611870  7419150 6990474  6243566
            2048    2048 1181103 2238241 13748169 1295995814738933 6732948 7726111  6780783  6670210  3500658  5225638 9483197  6207471
            4096       4  785875 1613314  4946971  9163546 9227530 3621537 5504946  3114661  6724530  3407483  1666523 4791076  4467170
            4096       8  931723 2850576  6735075  7185807 6595451 2497870 5026578  2694963  9414629  3185110  3650781 8308260  5306022
            4096      16 1036442 2684016  7351860  7502762 7339297 2809552 5611025  3537277  6471234  3016231  2830382 8276241  5642353
            4096      32 1104331 3368730  7831080 1169648813980948 4307020 5483860  7799085  7392988  2872500  4311344 9307517  5572803
            4096      64 1142217 3180393 12560167  8158335 9373535 432110310239486  5319164  9019223  3335375  3072878 8077780  5810280
            4096     128 1162309 2613780  7087972 1338198511470025 431134411907264  6281934  9920205  3442303  3524939 8244467  5744227
            4096     256 1130194 4227532  5145513  5818150 6311938 307287812194633  5513780 11007051  2892815  2864359 5087609  5802430
            4096     512 1166967 2224851  6839648  7925004 8681938 4167033 5353976  3972402  7725436  2474841  3337967 8062616  6015769
            4096    1024 1196219 2202319  9943171  6682678 7170810 703860512560167  6013663 10319444  2919360  4946971 9267351  6032669
            4096    2048 1167284 2227447 10806269  7502762 7728911 3901141 5936773  6930704  7161842  3056478  3506950 9307517  5618365
            4096    4096 1144119 4546375  9005041  8906998 8925508 4597474 5969780  3618486  6086096  5171846  5347310 8272256  4941279
            8192       4  791574 3292485  4300447  4203126 7620585 3529576 4275829  3160444  5708730  2251797  2541625 4688953  4133350
            8192       8  935702 2033745  5802240  6095604 7765253 3244298 9289414  4899570  6506533  2628135  3895306 5400092  4964702
            8192      16 1025149 4190311  6205696  9823226 9991764 5374750 3063783  7111158  9526362  3754421  2325248 6643663  5464503
            8192      32 1194340 4946832  6090202  8444674 9942612 5531360 8981046  7800511 10291026  4958969  3871168 8480105  5454094
            8192      64 1339205 2749921  9649428  6254268 6522590 3288389 6715075  8250021 11145606  4935463  3565099 6168929  5614514
            8192     128  952326 3196015  5953031  9002223 9638600 5353814 6380868  8515834  9800810  4222755  3723500 8086916  5661696
            8192     256 1321080 2956488  8240129  7543623 7968758 4770989 8054689  5145363  7556896  3869860  3953573 7167528  5539386
            8192     512 1179376 2776139  6884607  7097937 7530397 4702429 6890129  7992856  7509002  3477070  4164410 9131414  5531360
            8192    1024 1175181 4364357  5817959  5876668 6054786 4749227 5765244  7487730 13025879  4678737  342303210371794  5461029
            8192    2048 1173456 3056697  9775714 1044748210214543 5393311 7946642  5340499  8384911  3045318  2887662 7243074  5146134
            8192    4096 1133206 2119426  4239950  8962305 9071145 5458427 8086916  4787608  6220301  4718573  6753351 4995015  4910774
            8192    8192 1273016 3080815  7399047  7699133 8094537 4702429 4858693  4518755  4934754  3634487  3011685 6665573  4425630
           16384       4  780523 3175164  5347067  6673863 5847069 2964371 5801655  4630753  6753222  1822903  1617659 7457506  3965163
           16384       8 1200742 2639117  7577566  7746700 7236824 3341768 4607467  5986118  8282642  3437038  3167700 8756521  4990591
           16384      16 1480423 3963333  6681650  8110592 6225263 2441032 7204956  5293930  6679052  3315168  3343719 6590654  4977217
           16384      32 1227181 3731346  9235488  9620796 9547281 5074242 5540639  8229083  9022086  4671678  3465463 5946749  5370049
           16384      64 1156566 4190261  7020210  648859710202116 5531719 6057351  8948074  8963247  4930437  3211970 6017042  5408935
           16384     128 1552252 3852246  7638208  630176010076456 5394499 6399769  8705493  9916508  4784877  4299049 9503709  5354150
           16384     256 1169876 3983320  5837136  6166054 7888086 5273212 6587495  5750677  4987331  4337856  3720437 6028127  5017922
           16384     512 1334856 3355311  7035303  9764332 9757400 5237842 7780028  7735364  9769885  3638491  3726085 5992904  5113891
           16384    1024 1758124 3812706  6316241  9017350 9508969 5565318 7831452  7420464  9028012  3744970  3570992 5550036  5018289
           16384    2048 1173231 3765490  9724262 10045523 9882283 5204914 6184922  7659492 14923425  4192562  3518156 6333122  9448826
           16384    4096 1188284 3414835  8488281  7357698 7323979 4576780 6061091  6311020  6548575  3968139  2950498 5622234  4717539
           16384    8192 1108453 3626394  6154457  7903509 7775626 4651755 6246199  4434142  6679052  4430425  4990591 7327103  4434142
           16384   16384 1099022 3828851  7002327  7211005 4217262 2321697 7004468  3790832  6986664  3451365  3054496 5146059  4217262
           32768      64 1966987 3409058  5462205  9755188 9953714 3126966 7251258  8962549  9600504  4722857  4610064 6602307  5267312
           32768     128 1565527 3687180  6560079  9094806 9218024 5507073 7737457  9026711  5110431  4783512  4096564 7010472  5177426
           32768     256 2061518 2741661  4980790  8982465 9314229 5316827 5695816  3644937  8916613  4606047  4549782 9327503  4965673
           32768     512 2037557 4089373  5363093  9340816 9459755 5280060 7861828  8148970  6561332  4104639  4750937 7593813  4947619
           32768    1024 1508448 4448034  7922555  9583767 9645647 5283511 6386329  8524505  6283266  4099619  2509988 9500953  4999633
           32768    2048 1927971 3627620  7434032  9319913 9597822 5456783 5391283  6112253  5771155  3539066  3914992 5237005  4979166
           32768    4096 1714433 4037950  8529267  8478230 8452161 4136387 5367491  6264079  8038867  4062538  3141116 4547976  4572031
           32768    8192 1961457 2573049  7447325  7706653 7704492 4739306 5040522  5108911  6341539  3253392  4364969 6283553  4539114
           32768   16384 1673211 3646581  5838824  6905853 6237923 2861832 7003328  4530883  4184368  4033447  3922478 6664092  4179533
           65536      64 2148779 4553310  6951928  9996357 6705025 4255022 9482862  8991222  9746819  4720894  3686330 6030695  5278722
           65536     128 2193744 4105485  7230241  7543341 5792536 3853673 8988576  9066849  9445714  4812473  4367036 7352860  5088559
           65536     256 2152599 4218584  9213329  8119077 6046348 4553385 8083026  8612864  9158077  4531915  4017402 8590523  4984837
           65536     512 2358600 4138929  4979960  8364662 8696244 5249187 8939466  8381751  9436311  4535729  3242103 7608907  5006901
           65536    1024 1736098 3922411  8364662  9782895 9429836 4693167 9405314  5133988  9717530  4156013  3880877 8453930  4955093
           65536    2048 2145341 4475540  5673574  9436634 6050207 5163111 9414656  8102802  9661855  3676027  3432806 5802195  4923850
           65536    4096 1973608 4138680  8011642  7492350 5673574 4345909 7213733  3882028 10620096  3744940  3487421 7197866  4620433
           65536    8192 2139880 3718344  7529497  7673051 7013657 4127741 4847011  5124417  7901559  3757842  3388960 5197967  4218584
           65536   16384 1840595 3361688  7016701  7013657 4193484 3298080 5605199  4162054  6653415  4214832  3896335 6143785  4185439
          131072      64 2008087 4484478  8260073 10111231 7383851 4546073 8761494  7486413  7653908  4726569  4107320 8968312  5305662
          131072     128 2198057 4064894  8277858  9685312 8343817 5000243 9059498  6354691  5953810  4762437  4150484 6222560  6280138
          131072     256 2205783 4633158  8909737  9412046 7309823 4563470 7472777  6038233  7553686  3684695  4435166 7106478  5203763
          131072     512 2414388 4497539  9013896  9634729 6626533 4222952 7901082  7123883  9504143  4646944  4078555 6041883  5294319
          131072    1024 2462646 4666667  8598290  8704479 7386430 5224285 8709719  7167816  8352310  4009543  3969963 7791234  4909068
          131072    2048 2216106 4543068  8765546  9643349 6646642 4589682 7835542  7876405  9480868  3789307  3775126 8963487  5000607
          131072    4096 2308251 4348205  8531704  8325243 6304553 3975130 5345073  6460889  8402094  3740527  3495622 6349773  4599820
          131072    8192 2238211 3969934  7182425  6617440 5746267 4458076 5960265  5117396  7591340  3615772  3659286 7223572  5273902
          131072   16384 1965837 3668589  6656380  6795178 5466138 3708357 5978153  3910742  6398773  3781228  3328730 6734743  4915520
          262144      64 2319797 4433410  8247668  9064189 6960440 5013371 9565228  7884018  9862080  4620654  4583574 9276793  7533078
          262144     128 2409319 4737991  8867901  9758533 7886676 5188607 7127152  8689469  9770587  4816698  4600875 9443882  6479882
          262144     256 2300759 4607352  8953619  9402533 8656494 5105155 8918612  7427034  9471542  4693977  4380021 7205905  7142338
          262144     512 2518362 4680888  7990009  9578477 7848619 4976160 9027351  7276146  9383035  4597969  4334881 8257579  7129278
          262144    1024 2404088 4591614  8266146  9302773 8207405 4984213 9472929  7325691  9681799  4133132  3447081 8308371  7044999
          262144    2048 2403158 4436881  9233711  9705043 8764414 5182762 9395141  6751235  9437397  3841668  3566255 9400523  6208990
          262144    4096 2336275 4203913  8531692  8144904 7695845 4735685 8379478  6227876  8581433  3638058  3664711 7337032  6181483
          262144    8192 2340323 3945698  7227979  7563965 6818177 4379864 7475714  4818809  6518876  3571004  3474817 6542655  5839960
          262144   16384 2174061 3924307  7030448  6838958 6204295 4210674 6705123  4203382  7036657  3595586  2920141 5612393  6756628
          524288      64 2181469 4918042  6972663  8143510 9383748 5468169 9485793  8558015  9914495  4876101  4772933 9600424  8204030
          524288     128 2406149 3650492  8844247  9572549 8564014 4688510 9259091  8468569  9760907  4764784  4169951 9413392  8026077
          524288     256 2491105 4462667  9173268  9399350 8888181 5184189 8202378  8051231  9467578  4543973  4485424 9039590  7959089
          524288     512 2445291 4739756  9009628  9279604 9057536 5070334 9261080  7743126  9455285  4446587  4322805 7454472  8615653
          524288    1024 2355322 4367831  7556863  7363068 7582111 4912516 7472533  7763108  9740586  4100484  4100904 9301192  8180865
          524288    2048 2487676 4764608  9327309  9510202 9343121 5227880 8540963  7094840  9714252  3800949  3678595 9343597  7972622
          524288    4096 2494304 4566250  7662000  8769545 8295421 4889328 8434237  6196669  8842754  3679912  3458161 8261575  7815253
          524288    8192 2294598 4144441  7009111  7627901 7437353 4784824 6588344  4799989  7457658  3536226  3466179 7333504  6651717
          524288   16384 2254692 3883760  7047071  7052179 6344230 4267182 6409711  4320707  7036766  3472769  3261248 7016984  6248293
          
          

=====================================================================================================================


Definitions of the tests

	Write:  This test measures the performance of writing a new file. When a new file is written not only does the data need to be stored but also the overhead information for keeping track of where the data is located on the storage media. This overhead is called the “metadata” It consists of the directory information, the space allocation and any other data associated with a file that is not part of the data contained in the file.  It is normal for the initial write performance to be lower than the performance of re-writing a file due to this overhead information.

	Re-write: This test measures the performance of writing a file that already exists. When a file is written that already exists the work required is less as the metadata already exists. It is normal for the rewrite performance to be higher than the performance of writing a new file.

	Read: This test measures the performance of reading an existing file. 

	Re-Read: This test measures the performance of reading a file that was recently read. It is normal for the performance to be higher as the operating system generally maintains a cache of the data for files that were recently read. This cache can be used to satisfy reads and improves the performance.

	Random Read: This test measures the performance of reading a file with accesses being made to random locations within the file. The performance of  a system under this type of activity can be impacted by several factors such as: Size of operating system’s cache, number of disks, seek latencies, and others.

	Random Write: This test measures the performance of writing a file with accesses being made to random locations within the file. Again the performance of a system under this type of activity can be impacted by several factors such as: Size of operating system’s cache, number of disks, seek latencies, and others.

	Random Mix: This test measures the performance of reading and writing a file with accesses being made to random locations within the file. Again the performance of a system under this type of activity can be impacted by several factors such as: Size of operating system’s cache, number of disks, seek latencies, and others. This test is only available in throughput mode. Each thread/process runs either the read or the write test. The distribution of read/write is done on a round robin basis. More than one thread/process is required for proper operation.

	Backwards Read: This test measures the performance of reading a file backwards. This may seem like a strange way to read a file but in fact there are applications that do this.  MSC Nastran is an example of an application that reads its files backwards. With MSC Nastran, these files are very large (Gbytes to Tbytes in size).  Although many operating systems have special features that enable them to read a file forward more rapidly, there are very few operating systems that detect and enhance the performance of reading a file backwards.

	Record Rewrite: This test measures the performance of writing and re-writing a particular spot within a file.  This hot spot can have very interesting behaviors. If the size of the spot is small enough to fit in the CPU data cache then the performance is very high. If the size of the spot is bigger than the CPU data cache but still fits in the TLB then one gets a different level of performance. If the size of the spot is larger than the CPU data cache and larger than the TLB but still fits in the operating system cache then one gets another level of performance, and if the size of the spot is bigger than the operating system cache then one gets yet another level of performance. 

	Strided Read:  This test measures the performance of reading a file with a strided access behavior. An example would be:  Read at offset zero for a length of 4 Kbytes, then seek 200 Kbytes, and then read for a length of 4 Kbytes, then seek 200 Kbytes and so on. Here the pattern is to read 4 Kbytes and then 
Seek 200 Kbytes and repeat the pattern. This again is a typical application behavior for applications that have data structures contained within a file and is accessing a particular region of the data structure.
Most operating systems do not detect this behavior or implement any techniques to enhance the performance under this type of access behavior. 
This access behavior can also sometimes produce interesting performance anomalies. An example would be if the application’s stride causes a particular disk, in a striped file system, to become the bottleneck.

	Fwrite: This test measures the performance of writing a file using the library function fwrite(). This is a library routine that performs buffered write operations. The buffer is within the user’s address space. If an application were to write in very small size transfers then the buffered & blocked I/O functionality of fwrite() can enhance the performance of the application by reducing the number of actual operating system calls and increasing the size of the transfers when operating system calls are made. 
This test is writing a new file so again the overhead of the metadata is included in the measurement.

	Frewrite: This test measures the performance of writing a file using the library function fwrite(). This is a library routine that performs buffered & blocked  write operations. The buffer is within the user’s address space. If an application were to write in very small size transfers then the buffered & blocked I/O functionality of fwrite() can enhance the performance of the application by reducing the number of actual operating system calls and increasing the size of the transfers when operating system calls are made.
This test is writing to an existing file so the performance should be higher as there are no metadata operations required.

	Fread: This test measures the performance of reading a file using the library function fread(). This is a library routine that performs buffered & blocked read operations. The buffer is within the user’s address space. If an application were to read in very small size transfers then the buffered & blocked I/O functionality of fread() can enhance the performance of the application by reducing the number of actual operating system calls and increasing the size of the transfers when operating system calls are made.

	Freread: This test is the same as fread above except that in this test the file that is being read was read in the recent past. This should result in higher performance as the operating system is likely to have the file data in cache.

Specialized tests:

	Mmap:  Many operating systems support the use of mmap() to map a file into a user’s address space.  Once this mapping is in place then stores to this location in memory will result in the data being stored going to a file. This is handy if an application wishes to treat files as chunks of memory. An example would be to have an array in memory that is also being maintained as a file in the files system. 
The semantics of mmap files is somewhat different than normal files. If a store to the memory location is done then no actual file I/O may occur immediately. The use of the msyc() with the flags MS_SYNC, and MS_ASYNC control the coherency of the memory and the file. A call to msync() with MS_SYNC will force the contents of memory to the file and wait for it to be on storage before returning to the application. A call to msync() with the flag MS_ASYNC tells the operating system to flush the memory out to storage using an asynchronous mechanism so that the application may return into execution without waiting for the data to be written to storage.
This test measures the performance of using the mmap() mechanism for performing I/O.

	Async I/O: Another mechanism that is supported by many operating systems for performing I/O is POSIX async I/O.  The application uses the POSIX standard async I/O interfaces to accomplish this. 
Example: aio_write(), aio_read(), aio_error(). This test measures the performance of the POSIX async I/O mechanism.


