This week we did a lot of experiments. I do not know if it is proper to upload the data here:



Offset/latency files enabled. 
	Command line used: iozone -RaQb db2.txt 
	Output is in Kbytes/sec 
	Time Resolution = 0.000001 seconds. 
	Processor cache size set to 1024 Kbytes. 
	Processor cache line size set to 32 bytes. 
	File stride size set to 17 * record size. 
                                                            random  random    bkwd   record   stride                                   
              KB  reclen   write rewrite    read    reread    read   write    read  rewrite     read   fwrite frewrite   fread  freread 
              64       4   77851   46414   413039   640013 1823214  586700 1143119   810736  1879975   852952  1186987  727580  2911748 
              64       8  283202  310592  1185996  1307342 2779899  953890 1334368  1014423  1636085  1016627  1034147 1993818  2000013 
              64      16  369882  537921  1031111  1362157 3209408 1277565  877768  1141317  2788330   653678   415313  954344  3186010 
              64      32  581434   73402  1637147  1455427 3999822 1422196  985151  1210044  1601726   410357   432226 1939946  1562889 
              64      64  429300  107545   269000   367777 4275558 1999787 1883369  1601157  2125472  1083249 64000000 2372479  2058979 
             128       4  319293  595101  1208845   291631 2984583 1334350 1618594  2327033  1578771   761857   815128 1830380  2206604 
             128       8  474030  707585  1438458   836907 2101544 1490386 1829893  1437405  3460085  1230774  1332930 1965997  2561960 
             128      16 1032013  955103  3992459  1542100 3463660 1663544 1705787  1333682 128000000   853981  1279459 1941454  2837566 
             128      32  294297 1294391   630368   680995 1305183  584189 1639552  1642304  2725536  1438612  1174498 2167387  2554989 
             128      64  259102  329822  1507526   418139 2787532  837226 1455206  1121686  1936202   398717   992743 1360537  2207872 
             128     128  431079 1132561  2671777  2209460 4134573 1708791  810602  1643104  2066521   825952  1154296 1084099  2246436 
             256       4  257049  498097   992704   609543 1673696 1032189 1361747  1430155  1854685  1028220   988090 1248247  1213201 
             256       8  555370  624453  1551611  1630658 3715821 1765729  886172  1853694  2150253  1044588  1312645 2350300  2812474 
             256      16  255972  830894  1953780  1955010 4067820 1955380 2117450  2535151 256000000  1523294   911277 2031480  2247699 
             256      32  770879  984477  1630563  1590858 4566295 2435999 2167714  2267106  3240486  1550437  1641800 2328551 21488252 
             256      64  898128 1053665  2304669  2046227 4742656 2131730 2327464  1777041  2485400  1753038  1522749  839548  4125901 
             256     128256000000 1816664  1080563  2584911 2973951 1983496 2325504  1790092  2943526   417559  2016331 1497925  1610096 
             256     256 1058222 1827074  3373236  3940964 3714208 2015206 2223973  1695518  1346869  1640452  1741061 1471999  1791434 
             512       4  218992  757394    44529   836447 3659147 1098845 1741504  1414754  1764890   975247   924297 2427748512000000 
             512       8  393572  735631  1533414  1565427 3435887 1748131 2472839  2161400  2533266  4697086  1219007 2520819  3121668 
             512      16  320807  582426  1816264  1961177 2782103 1896914 2450241  2116632  1809325  2625479  1641215 2709304  3765827 
             512      32  870919 1822724  1153073  1777524 3767321 2460890 1333380  2681380  4198291  1537787  1706484 2039545  3047150 
             512      64  579254 1296241  2169388  2547722 2015995 1724148 2030938  2828793  3905167  1383397  1854566 2910096  4920466 
             512     128  522459 1625247  2197038  2875004 4453586 2473483 2284929  3029616  3761447  1822550  1766148512000000  3459403 
             512     256 1127590 1590629  3065573  3161196 4028097 2169342 2472151   701479  2876640   422465  1641032 2878242  3370858 
             512     512  387565 2875325  2245105  4571863 2326708 1354540 1646405  2152285  2235698  5228362  1969393 3045595  3820929 
            1024       4   41804  138676  1142753   935099 2605933 2142553 1996479  1164975  1910189   985660  1264163 1861592  2398163 
            1024       8  424381  898260  1756601  1659837 2783506 2000048 2085045  2491369  2128845  1291433  1568423 2632522  2245433 
            1024      16  669676 1319540  1935738  1412321 3229861 1643731 2316696  2598295  1653983  1454783  1567997 2959569  3952555 
            1024      32  699493 2027516   766521  2031294 1558815 2900650 1312733  2828041  2348442  1030240  1349068 3150777  3671776 
            1024      64  965172 1575159  2387167  2638715 3304106 1957759 2420930  2000154  4268108  1865077  1957949 2901316  4094188 
            1024     128  986492 2004324  2666099  2599315 3877954  974346 2527824  3324039  4971425  2011782  2295911 3123000  2836184 
            1024     256 1149300 1284638  2387443  2821607 1114391 2404297 2694309  2128509  4195152  1499335  2098015 2926651  3711473 
            1024     512  771704 1903266  3423904  3807377 4096487 2580067 2605740  1712249  2376360   180506  1617390 2876442  2985409 
            1024    1024  518510  930891  3629965   716091 3877128 1991855 2994909  2553758   133714  35300121024000000 4046072  2868405 
            2048       4   58198  133620   788027  1271247 2458931 1417376 3471865  1738616  2218969   517688   965631 2395328  2566123 
            2048       8  358413  242709   539095   500618 1149840 2183590  966035  1314477  1344656 23268330  1395206 2534420  2576328 
            2048      16  808841 1166343   465149   836581 1186540  825810 2335245   654545  1922839   761368  1522571 2774695  3396018 
            2048      32  871084 1684178  1357246  2011854 3848829 1446440 2096097  2748768  1805832  5900210  1761081 3007561  1651747 
            2048      64  960555  595883  1071714   725706 1426219  779586 2285764  2248355  2659730  1431263  1669186 2816649  3977136 
            2048     128 1281667  526624  1023004  1289767 1366310  697335  405461  3240678  5347094  2135544  1563436 2840445  1168883 
            2048     256 1147983  801904   640202   525789 1337640 1248004 1005843   932607  1732601   994688  2406309 1709622  2905437 
            2048     512 1057354 1889316  3567492  3656942 3131170 3205559 1481794  4375895  4570252   342356  1310279 3093290  3240669 
            2048    1024  801260 1616381  1283972  1699700 1377359 1605059 2537831  4664153  2541120    62006   203780 1300300   453708 
            2048    2048  308107 1635889  2209362   332248 2085640 2017687 1358194  1319673   507556  1284880  1365391 2346191  2029703 
            4096       4   52261   82589   173038   928383  863041  297546 2089889  2140070   580823  1326859   966028 1067213  1099864 
            4096       8  402278  902591  1812321  1708721 3081875 1602564 2120002  1731842  2412387  1198011   120318 2564825  1595689 
            4096      16  452591 1293297   838830   658744  370948  619471 1045984   462297  2331178  1068862  1493207 3256013  3362683 
            4096      32  621163 1549117   897633   954754 1265752  776941 1355832   902807  1634485  1027081  1459686 1341585   728942 
            4096      64  424762  335021   862482   528585 1096065 1953294 2888441  1245005  2756504  1470196  1911440 3533906  3897311 
            4096     128 1086505 1675909  1301112  1987466 2978651 1679445 4922557  1477150  2896670  1535867  1543281 3462175  3690296 
            4096     256  718975 2170528  3330184  3346160 3817724 2289415 1420686  1029668  2470287  1908643   514114 1603819  2105830 
            4096     512  272483  327079   221993   611889  802189  620046  758238    46079    60381   224870   277524  756286   878021 
            4096    1024  277358  199434   416598   634343  686893  371246  337592   100849   111906   131109   360787  672580   913655 
            4096    2048  296534  481143   532779  1684879 1739237  918186  622596   429482  1813150    90589   319179 1402233   958790 
            4096    4096  463246  617895  1634471  1548577 1560953 1422280 1535179   983225  1152483   994426   653577  498715  1514219 
            8192       4   47228  111536   457988   396170  501009  341888  594013   525563   249878   182040   464185  615243   653999 
            8192       8  133722  157644   210256   334095  516196  259586  305958   610345   352708   400251   180313  307899   209610 
            8192      16  164666  135239   237125   221603  526003  406287  352269    70358   274016   166700   165977  222603   577429 
            8192      32  298694  214675   158787   185616  201648  270916  230825    56228   492275   325323   306587  109659   464323 
            8192      64  331927  167573   437955   476998  541228  368460  401629    33276   202036   294336   173581  518549   510372 
            8192     128  488780  498481  2273095  1750387 2396688 1170122 1541018   365012  3574305   746696  1346942  787915  1610394 
            8192     256  877083  622725  1141590  3149502 2465906 1402037  780495  3167922  3052294   479061   50331512137972   730653 
            8192     512  328745  397807   266519   512160  498687  403726  256698    52202    76365   331525   279381  270791   511711 
            8192    1024  260014  367619   698915   980730  769845  597958  789217   105902   168179   328625   527865  302970   803300 
            8192    2048  877836  403187   626440   917877 1492139 1073230  660696  1060874  1529800   275240   760423 1399379  1317230 
            8192    4096  682613  699399  1012112  1308415  991659 1001345 1210213   145804   566491    28912  1130725  562293   883910 
            8192    8192  770801 1377255  1427193  1248793 1210023 1289280  860963   254267  3016162   809088   565005  399746   632928 
           16384       4  268647  394776   188592  1258079 2147848  896324 1559027  1842123   909770   261805   936549  812783  1198541 
           16384       8  340270  732575   517334  1732305 1962413 1077260 1268990  1545091  1477888  1028299  1057097  727885  1847328 
           16384      16  631295  257048  2280280  2018701 2169216 1267137 3096536  3076851  2362180   943078   656254  640150   996895 
           16384      32  874560 1344941   909060  1762109 2103464 1330740 1171533  3257212  2523317   597844  1519279 1263616  1087340 
           16384      64  733389  476043   875353  1636118 2128597  768730 2652886  3755246   916895  1027599  1269685 3685071  2927310 
           16384     128  520955  754674  1523228  1536229 3048132 1381331 1692541  1106876  2478652  1317356  1070227 3659655  3191203 
           16384     256 1019474 1441624   996774  2724303 2397437 1314498 1364999  3647280   836346   589288   642941 1124271  2867852 
           16384     512  804000  592076  1534647  3392816 2683237 1705585 1097013  3957549  1544921   376253   501654 3171462  2126413 
           16384    1024  533264  822577  1470326  2152405 1732095 1019796 1074928  1476839  1661328   210783   559430 2210179  1649947 
           16384    2048  758200  837540   625557  1194942 1052069  504495 1142144  1202148  1191554   367329   374311  680849  1042833 
           16384    4096  775173  441963   683774  1268804 1393666 1149668  893937   395930  1134154   225497   536443  844583  1467967 
           16384    8192  343826  633172  1134547  1132734 1138880 1120192  775316   582730   563159   145024   610864 1198545  1214987 
           16384   16384  350452  443470   738282  1324162 1167539 1207642  720524   491908   615544  1278800   875214 1146139  1212640 
           32768      64  224524  301617  2025327  2597761 2458945 1152910 1839766  3644490  1124967   565073   872879 4128558  2900101 
           32768     128  477167  336078   782014  3001302 3352548 1431225 1304825  2231681  2878920  1306747  1017704 1611801  1456556 
           32768     256  497163  731264   859918  3379504 3354935 1566054 1254277  2677787  2519464  1075949   847134  879324  1585211 
           32768     512  660643  572868   986189  2894965 2583605 1411557 1528365  4028970  2461890   684334   619139  539480  1524441 
           32768    1024  560279 1096473  2087279  2154945 2447949  385252 1477434  1970774  1937338   632843   360182 2182658   624198 
           32768    2048  713465  805821  1281748  1262156 1372884 1071441  661619  1176628  1006014   534358   415616  984878   658585 
           32768    4096  631210  601898  1075841  1168661 1355788 1095659  869341  1117596   774146   261211   546872  405494   694900 
           32768    8192  708083  962463  1059490  1137539 1079779  658627 1066663  1059286  1337790   210155   525852  530955  1106502 
           32768   16384  564926  847377  1294713  1228832 1388174 1027565 1273140   967461  1140707   153905   641453  511872  1201435 
           65536      64  215225  316700  2085672  2604862 3117355  977477 1330816  3134485  3158529   886100   669719  649662   398892 
           65536     128  466239  315008  1712825  2541732 2967320 1003504 3336878  3081424  2633670   681679   864683  978308  1951342 
           65536     256  584057  840411  1301348  2744851 2798656  961856 1682305  3240013  3017587   814557   734411 1076586  1889958 
           65536     512  636013  969697  1898546  2684147 2907148  959108 1380838  3122692  2955398   573744   604541 1056298  1573458 
           65536    1024  617443  895130  1196260  2469989 2781436  917138 2616414  2704751  1837849   519072   553855  934639  1386099 
           65536    2048  549545  604118   866361  1595633 1198734  801565  826410   640056   845811   407470   517306  581911  1121383 
           65536    4096  490234  728922  1123155  1411746 1239593  698410  863055   993089  1330547   471272   576678  655733  1112440 
           65536    8192  480554  613610  1215859  1446873 1222414  876324 1181512  1110438  1107643   236446   565287  320853  1336163 
           65536   16384  564075  745974  1134430  1214799 1284869  852801 1080434  1005044  1094474   200063   495786  818106  1112720 
          131072      64  115470  138819  2103880  2530053 2188726   63808 2479507  3214434  2183330   111522    95040  491388  1701529 
          131072     128   46832  106441   807789  2260722 2546081   68494 2977413  3122393  2599450   102901   104052  929707  1317982 
          131072     256   46640  112979  1115155   909243 1674121   62179 1348115    79620  1628589   114035    85716  950141  1622979 
          131072     512   46793  105551  1451981  1854838 1575479   85877 1188496    74620  1184693    93815    83761  170682   428544 
          131072    1024   34276  121185  1084305   833557  575702   88578  969596    61610   636519   120238    96500  990896  1419296 
          131072    2048   45191  120126   989020  1248104 1116590   87726 1179617    81572  1071759   124565    98904  473307   867417 
          131072    4096   58772  122988   881885   801423  980886   86869  606045   362737   364919    70056    65139  636312  1133300 
          131072    8192   41835   98313   858587   936362  942795   83840  890986   481868   547536    90995   111527  458969   885017 
          131072   16384   50245  109879  1024127  1064839  986586  106559  935046   697540   712746    97181   134365  658811  1088782 
          262144      64   20612   65521   756738  2167161 2070468   20346 1607624    70678  1790932    87156    84713 1350185  2473544 
          262144     128    9472   28549  1227927  1799969 2213326   23576  826106    66048  2330374    39703    38682  360272  1924005 
          262144     256   15938   31883   653934   642525  465048   22568  728024    74576   679428    46441    43344  539644   628254 
          262144     512   18580   40646   565460   688788  558279   40251  645765    72974   605235    59099    59682  540496   650421 
          262144    1024   20554   63011   308232   326387  330346   44006  576181    70727   592169    66898    68110  597385   636451 
          262144    2048   26384   59993   554572   506801  552475   63288  452509    71420   502430    74656    57339  270451   486485 
          262144    4096   27227   75094   556337   559352  561453   61608  554936    75404   530124    78270    72821  450000   445935 
          262144    8192   27145   72758   279517   537193  535575   42531  492988    70778   484372    79936    77344  375963   491905 
          262144   16384   75951   76163   417791   532170  446239   70136  545760    68239    64306    70094    76718  463716   454047 
          524288      64   45967   55440   214407   273087  320521   14933  255303    72200   148753    47460    57264  249110   348078 
          524288     128   57974   53086   241630   333697  326689   19818  272448    74897   262996    52667    53539  244377   339613 
          524288     256   28080   35349   288297   329635  319567   15954  278548    78716   257691    37728    38198  265822   251152 
          524288     512   45116   44623   270620   339720  329079   30262  239362    78563   264882    54913    49031  269721   343796 
          524288    1024   52743   53224   268494   267771  289400   38594  243411    76493   275328    58158    54561  236746   313824 
          524288    2048   48884   55403   283126   303173  287815   41877  246339    77223   237454    57657    57142  234323   237255 
          524288    4096   34332   54350   223720   294774  294155   49650  230463    77208   243911    58570    53967  225650   240410 
          524288    8192   47916   53188   264681   280155  281618   53200  231375    79002   243531    48487    54799  243979   235074 
          524288   16384   53801   54549   275088   228957  272063   38768  218088    64183   237637    52774    46904  270998   304865 

iozone test complete. 
Timer resolution is poor. Some small transfers may have 
reported inaccurate results. Sizes 1024 Kbytes and below. 
Excel output is below: 

"Writer report" 
        "4"  "8"  "16"  "32"  "64"  "128"  "256"  "512"  "1024"  "2048"  "4096"  "8192"  "16384" 
"64"   77851  283202  369882  581434  429300 
"128"   319293  474030  1032013  294297  259102  431079 
"256"   257049  555370  255972  770879  898128  256000000  1058222 
"512"   218992  393572  320807  870919  579254  522459  1127590  387565 
"1024"   41804  424381  669676  699493  965172  986492  1149300  771704  518510 
"2048"   58198  358413  808841  871084  960555  1281667  1147983  1057354  801260  308107 
"4096"   52261  402278  452591  621163  424762  1086505  718975  272483  277358  296534  463246 
"8192"   47228  133722  164666  298694  331927  488780  877083  328745  260014  877836  682613  770801 
"16384"   268647  340270  631295  874560  733389  520955  1019474  804000  533264  758200  775173  343826  350452 
"32768"   0  0  0  0  224524  477167  497163  660643  560279  713465  631210  708083  564926 
"65536"   0  0  0  0  215225  466239  584057  636013  617443  549545  490234  480554  564075 
"131072"   0  0  0  0  115470  46832  46640  46793  34276  45191  58772  41835  50245 
"262144"   0  0  0  0  20612  9472  15938  18580  20554  26384  27227  27145  75951 
"524288"   0  0  0  0  45967  57974  28080  45116  52743  48884  34332  47916  53801 

"Re-writer report" 
        "4"  "8"  "16"  "32"  "64"  "128"  "256"  "512"  "1024"  "2048"  "4096"  "8192"  "16384" 
"64"   46414  310592  537921  73402  107545 
"128"   595101  707585  955103  1294391  329822  1132561 
"256"   498097  624453  830894  984477  1053665  1816664  1827074 
"512"   757394  735631  582426  1822724  1296241  1625247  1590629  2875325 
"1024"   138676  898260  1319540  2027516  1575159  2004324  1284638  1903266  930891 
"2048"   133620  242709  1166343  1684178  595883  526624  801904  1889316  1616381  1635889 
"4096"   82589  902591  1293297  1549117  335021  1675909  2170528  327079  199434  481143  617895 
"8192"   111536  157644  135239  214675  167573  498481  622725  397807  367619  403187  699399  1377255 
"16384"   394776  732575  257048  1344941  476043  754674  1441624  592076  822577  837540  441963  633172  443470 
"32768"   0  0  0  0  301617  336078  731264  572868  1096473  805821  601898  962463  847377 
"65536"   0  0  0  0  316700  315008  840411  969697  895130  604118  728922  613610  745974 
"131072"   0  0  0  0  138819  106441  112979  105551  121185  120126  122988  98313  109879 
"262144"   0  0  0  0  65521  28549  31883  40646  63011  59993  75094  72758  76163 
"524288"   0  0  0  0  55440  53086  35349  44623  53224  55403  54350  53188  54549 

"Reader report" 
        "4"  "8"  "16"  "32"  "64"  "128"  "256"  "512"  "1024"  "2048"  "4096"  "8192"  "16384" 
"64"   413039  1185996  1031111  1637147  269000 
"128"   1208845  1438458  3992459  630368  1507526  2671777 
"256"   992704  1551611  1953780  1630563  2304669  1080563  3373236 
"512"   44529  1533414  1816264  1153073  2169388  2197038  3065573  2245105 
"1024"   1142753  1756601  1935738  766521  2387167  2666099  2387443  3423904  3629965 
"2048"   788027  539095  465149  1357246  1071714  1023004  640202  3567492  1283972  2209362 
"4096"   173038  1812321  838830  897633  862482  1301112  3330184  221993  416598  532779  1634471 
"8192"   457988  210256  237125  158787  437955  2273095  1141590  266519  698915  626440  1012112  1427193 
"16384"   188592  517334  2280280  909060  875353  1523228  996774  1534647  1470326  625557  683774  1134547  738282 
"32768"   0  0  0  0  2025327  782014  859918  986189  2087279  1281748  1075841  1059490  1294713 
"65536"   0  0  0  0  2085672  1712825  1301348  1898546  1196260  866361  1123155  1215859  1134430 
"131072"   0  0  0  0  2103880  807789  1115155  1451981  1084305  989020  881885  858587  1024127 
"262144"   0  0  0  0  756738  1227927  653934  565460  308232  554572  556337  279517  417791 
"524288"   0  0  0  0  214407  241630  288297  270620  268494  283126  223720  264681  275088 

"Re-Reader report" 
        "4"  "8"  "16"  "32"  "64"  "128"  "256"  "512"  "1024"  "2048"  "4096"  "8192"  "16384" 
"64"   640013  1307342  1362157  1455427  367777 
"128"   291631  836907  1542100  680995  418139  2209460 
"256"   609543  1630658  1955010  1590858  2046227  2584911  3940964 
"512"   836447  1565427  1961177  1777524  2547722  2875004  3161196  4571863 
"1024"   935099  1659837  1412321  2031294  2638715  2599315  2821607  3807377  716091 
"2048"   1271247  500618  836581  2011854  725706  1289767  525789  3656942  1699700  332248 
"4096"   928383  1708721  658744  954754  528585  1987466  3346160  611889  634343  1684879  1548577 
"8192"   396170  334095  221603  185616  476998  1750387  3149502  512160  980730  917877  1308415  1248793 
"16384"   1258079  1732305  2018701  1762109  1636118  1536229  2724303  3392816  2152405  1194942  1268804  1132734  1324162 
"32768"   0  0  0  0  2597761  3001302  3379504  2894965  2154945  1262156  1168661  1137539  1228832 
"65536"   0  0  0  0  2604862  2541732  2744851  2684147  2469989  1595633  1411746  1446873  1214799 
"131072"   0  0  0  0  2530053  2260722  909243  1854838  833557  1248104  801423  936362  1064839 
"262144"   0  0  0  0  2167161  1799969  642525  688788  326387  506801  559352  537193  532170 
"524288"   0  0  0  0  273087  333697  329635  339720  267771  303173  294774  280155  228957 

"Random read report" 
        "4"  "8"  "16"  "32"  "64"  "128"  "256"  "512"  "1024"  "2048"  "4096"  "8192"  "16384" 
"64"   1823214  2779899  3209408  3999822  4275558 
"128"   2984583  2101544  3463660  1305183  2787532  4134573 
"256"   1673696  3715821  4067820  4566295  4742656  2973951  3714208 
"512"   3659147  3435887  2782103  3767321  2015995  4453586  4028097  2326708 
"1024"   2605933  2783506  3229861  1558815  3304106  3877954  1114391  4096487  3877128 
"2048"   2458931  1149840  1186540  3848829  1426219  1366310  1337640  3131170  1377359  2085640 
"4096"   863041  3081875  370948  1265752  1096065  2978651  3817724  802189  686893  1739237  1560953 
"8192"   501009  516196  526003  201648  541228  2396688  2465906  498687  769845  1492139  991659  1210023 
"16384"   2147848  1962413  2169216  2103464  2128597  3048132  2397437  2683237  1732095  1052069  1393666  1138880  1167539 
"32768"   0  0  0  0  2458945  3352548  3354935  2583605  2447949  1372884  1355788  1079779  1388174 
"65536"   0  0  0  0  3117355  2967320  2798656  2907148  2781436  1198734  1239593  1222414  1284869 
"131072"   0  0  0  0  2188726  2546081  1674121  1575479  575702  1116590  980886  942795  986586 
"262144"   0  0  0  0  2070468  2213326  465048  558279  330346  552475  561453  535575  446239 
"524288"   0  0  0  0  320521  326689  319567  329079  289400  287815  294155  281618  272063 

"Random write report" 
        "4"  "8"  "16"  "32"  "64"  "128"  "256"  "512"  "1024"  "2048"  "4096"  "8192"  "16384" 
"64"   586700  953890  1277565  1422196  1999787 
"128"   1334350  1490386  1663544  584189  837226  1708791 
"256"   1032189  1765729  1955380  2435999  2131730  1983496  2015206 
"512"   1098845  1748131  1896914  2460890  1724148  2473483  2169342  1354540 
"1024"   2142553  2000048  1643731  2900650  1957759  974346  2404297  2580067  1991855 
"2048"   1417376  2183590  825810  1446440  779586  697335  1248004  3205559  1605059  2017687 
"4096"   297546  1602564  619471  776941  1953294  1679445  2289415  620046  371246  918186  1422280 
"8192"   341888  259586  406287  270916  368460  1170122  1402037  403726  597958  1073230  1001345  1289280 
"16384"   896324  1077260  1267137  1330740  768730  1381331  1314498  1705585  1019796  504495  1149668  1120192  1207642 
"32768"   0  0  0  0  1152910  1431225  1566054  1411557  385252  1071441  1095659  658627  1027565 
"65536"   0  0  0  0  977477  1003504  961856  959108  917138  801565  698410  876324  852801 
"131072"   0  0  0  0  63808  68494  62179  85877  88578  87726  86869  83840  106559 
"262144"   0  0  0  0  20346  23576  22568  40251  44006  63288  61608  42531  70136 
"524288"   0  0  0  0  14933  19818  15954  30262  38594  41877  49650  53200  38768 

"Backward read report" 
        "4"  "8"  "16"  "32"  "64"  "128"  "256"  "512"  "1024"  "2048"  "4096"  "8192"  "16384" 
"64"   1143119  1334368  877768  985151  1883369 
"128"   1618594  1829893  1705787  1639552  1455206  810602 
"256"   1361747  886172  2117450  2167714  2327464  2325504  2223973 
"512"   1741504  2472839  2450241  1333380  2030938  2284929  2472151  1646405 
"1024"   1996479  2085045  2316696  1312733  2420930  2527824  2694309  2605740  2994909 
"2048"   3471865  966035  2335245  2096097  2285764  405461  1005843  1481794  2537831  1358194 
"4096"   2089889  2120002  1045984  1355832  2888441  4922557  1420686  758238  337592  622596  1535179 
"8192"   594013  305958  352269  230825  401629  1541018  780495  256698  789217  660696  1210213  860963 
"16384"   1559027  1268990  3096536  1171533  2652886  1692541  1364999  1097013  1074928  1142144  893937  775316  720524 
"32768"   0  0  0  0  1839766  1304825  1254277  1528365  1477434  661619  869341  1066663  1273140 
"65536"   0  0  0  0  1330816  3336878  1682305  1380838  2616414  826410  863055  1181512  1080434 
"131072"   0  0  0  0  2479507  2977413  1348115  1188496  969596  1179617  606045  890986  935046 
"262144"   0  0  0  0  1607624  826106  728024  645765  576181  452509  554936  492988  545760 
"524288"   0  0  0  0  255303  272448  278548  239362  243411  246339  230463  231375  218088 

"Record rewrite report" 
        "4"  "8"  "16"  "32"  "64"  "128"  "256"  "512"  "1024"  "2048"  "4096"  "8192"  "16384" 
"64"   810736  1014423  1141317  1210044  1601157 
"128"   2327033  1437405  1333682  1642304  1121686  1643104 
"256"   1430155  1853694  2535151  2267106  1777041  1790092  1695518 
"512"   1414754  2161400  2116632  2681380  2828793  3029616  701479  2152285 
"1024"   1164975  2491369  2598295  2828041  2000154  3324039  2128509  1712249  2553758 
"2048"   1738616  1314477  654545  2748768  2248355  3240678  932607  4375895  4664153  1319673 
"4096"   2140070  1731842  462297  902807  1245005  1477150  1029668  46079  100849  429482  983225 
"8192"   525563  610345  70358  56228  33276  365012  3167922  52202  105902  1060874  145804  254267 
"16384"   1842123  1545091  3076851  3257212  3755246  1106876  3647280  3957549  1476839  1202148  395930  582730  491908 
"32768"   0  0  0  0  3644490  2231681  2677787  4028970  1970774  1176628  1117596  1059286  967461 
"65536"   0  0  0  0  3134485  3081424  3240013  3122692  2704751  640056  993089  1110438  1005044 
"131072"   0  0  0  0  3214434  3122393  79620  74620  61610  81572  362737  481868  697540 
"262144"   0  0  0  0  70678  66048  74576  72974  70727  71420  75404  70778  68239 
"524288"   0  0  0  0  72200  74897  78716  78563  76493  77223  77208  79002  64183 

"Stride read report" 
        "4"  "8"  "16"  "32"  "64"  "128"  "256"  "512"  "1024"  "2048"  "4096"  "8192"  "16384" 
"64"   1879975  1636085  2788330  1601726  2125472 
"128"   1578771  3460085  128000000  2725536  1936202  2066521 
"256"   1854685  2150253  256000000  3240486  2485400  2943526  1346869 
"512"   1764890  2533266  1809325  4198291  3905167  3761447  2876640  2235698 
"1024"   1910189  2128845  1653983  2348442  4268108  4971425  4195152  2376360  133714 
"2048"   2218969  1344656  1922839  1805832  2659730  5347094  1732601  4570252  2541120  507556 
"4096"   580823  2412387  2331178  1634485  2756504  2896670  2470287  60381  111906  1813150  1152483 
"8192"   249878  352708  274016  492275  202036  3574305  3052294  76365  168179  1529800  566491  3016162 
"16384"   909770  1477888  2362180  2523317  916895  2478652  836346  1544921  1661328  1191554  1134154  563159  615544 
"32768"   0  0  0  0  1124967  2878920  2519464  2461890  1937338  1006014  774146  1337790  1140707 
"65536"   0  0  0  0  3158529  2633670  3017587  2955398  1837849  845811  1330547  1107643  1094474 
"131072"   0  0  0  0  2183330  2599450  1628589  1184693  636519  1071759  364919  547536  712746 
"262144"   0  0  0  0  1790932  2330374  679428  605235  592169  502430  530124  484372  64306 
"524288"   0  0  0  0  148753  262996  257691  264882  275328  237454  243911  243531  237637 

"Fwrite report" 
        "4"  "8"  "16"  "32"  "64"  "128"  "256"  "512"  "1024"  "2048"  "4096"  "8192"  "16384" 
"64"   852952  1016627  653678  410357  1083249 
"128"   761857  1230774  853981  1438612  398717  825952 
"256"   1028220  1044588  1523294  1550437  1753038  417559  1640452 
"512"   975247  4697086  2625479  1537787  1383397  1822550  422465  5228362 
"1024"   985660  1291433  1454783  1030240  1865077  2011782  1499335  180506  3530012 
"2048"   517688  23268330  761368  5900210  1431263  2135544  994688  342356  62006  1284880 
"4096"   1326859  1198011  1068862  1027081  1470196  1535867  1908643  224870  131109  90589  994426 
"8192"   182040  400251  166700  325323  294336  746696  479061  331525  328625  275240  28912  809088 
"16384"   261805  1028299  943078  597844  1027599  1317356  589288  376253  210783  367329  225497  145024  1278800 
"32768"   0  0  0  0  565073  1306747  1075949  684334  632843  534358  261211  210155  153905 
"65536"   0  0  0  0  886100  681679  814557  573744  519072  407470  471272  236446  200063 
"131072"   0  0  0  0  111522  102901  114035  93815  120238  124565  70056  90995  97181 
"262144"   0  0  0  0  87156  39703  46441  59099  66898  74656  78270  79936  70094 
"524288"   0  0  0  0  47460  52667  37728  54913  58158  57657  58570  48487  52774 

"Re-Fwrite report" 
        "4"  "8"  "16"  "32"  "64"  "128"  "256"  "512"  "1024"  "2048"  "4096"  "8192"  "16384" 
"64"   1186987  1034147  415313  432226  64000000 
"128"   815128  1332930  1279459  1174498  992743  1154296 
"256"   988090  1312645  911277  1641800  1522749  2016331  1741061 
"512"   924297  1219007  1641215  1706484  1854566  1766148  1641032  1969393 
"1024"   1264163  1568423  1567997  1349068  1957949  2295911  2098015  1617390  1024000000 
"2048"   965631  1395206  1522571  1761081  1669186  1563436  2406309  1310279  203780  1365391 
"4096"   966028  120318  1493207  1459686  1911440  1543281  514114  277524  360787  319179  653577 
"8192"   464185  180313  165977  306587  173581  1346942  503315  279381  527865  760423  1130725  565005 
"16384"   936549  1057097  656254  1519279  1269685  1070227  642941  501654  559430  374311  536443  610864  875214 
"32768"   0  0  0  0  872879  1017704  847134  619139  360182  415616  546872  525852  641453 
"65536"   0  0  0  0  669719  864683  734411  604541  553855  517306  576678  565287  495786 
"131072"   0  0  0  0  95040  104052  85716  83761  96500  98904  65139  111527  134365 
"262144"   0  0  0  0  84713  38682  43344  59682  68110  57339  72821  77344  76718 
"524288"   0  0  0  0  57264  53539  38198  49031  54561  57142  53967  54799  46904 

"Fread report" 
        "4"  "8"  "16"  "32"  "64"  "128"  "256"  "512"  "1024"  "2048"  "4096"  "8192"  "16384" 
"64"   727580  1993818  954344  1939946  2372479 
"128"   1830380  1965997  1941454  2167387  1360537  1084099 
"256"   1248247  2350300  2031480  2328551  839548  1497925  1471999 
"512"   2427748  2520819  2709304  2039545  2910096  512000000  2878242  3045595 
"1024"   1861592  2632522  2959569  3150777  2901316  3123000  2926651  2876442  4046072 
"2048"   2395328  2534420  2774695  3007561  2816649  2840445  1709622  3093290  1300300  2346191 
"4096"   1067213  2564825  3256013  1341585  3533906  3462175  1603819  756286  672580  1402233  498715 
"8192"   615243  307899  222603  109659  518549  787915  12137972  270791  302970  1399379  562293  399746 
"16384"   812783  727885  640150  1263616  3685071  3659655  1124271  3171462  2210179  680849  844583  1198545  1146139 
"32768"   0  0  0  0  4128558  1611801  879324  539480  2182658  984878  405494  530955  511872 
"65536"   0  0  0  0  649662  978308  1076586  1056298  934639  581911  655733  320853  818106 
"131072"   0  0  0  0  491388  929707  950141  170682  990896  473307  636312  458969  658811 
"262144"   0  0  0  0  1350185  360272  539644  540496  597385  270451  450000  375963  463716 
"524288"   0  0  0  0  249110  244377  265822  269721  236746  234323  225650  243979  270998 

"Re-Fread report" 
        "4"  "8"  "16"  "32"  "64"  "128"  "256"  "512"  "1024"  "2048"  "4096"  "8192"  "16384" 
"64"   2911748  2000013  3186010  1562889  2058979 
"128"   2206604  2561960  2837566  2554989  2207872  2246436 
"256"   1213201  2812474  2247699  21488252  4125901  1610096  1791434 
"512"   512000000  3121668  3765827  3047150  4920466  3459403  3370858  3820929 
"1024"   2398163  2245433  3952555  3671776  4094188  2836184  3711473  2985409  2868405 
"2048"   2566123  2576328  3396018  1651747  3977136  1168883  2905437  3240669  453708  2029703 
"4096"   1099864  1595689  3362683  728942  3897311  3690296  2105830  878021  913655  958790  1514219 
"8192"   653999  209610  577429  464323  510372  1610394  730653  511711  803300  1317230  883910  632928 
"16384"   1198541  1847328  996895  1087340  2927310  3191203  2867852  2126413  1649947  1042833  1467967  1214987  1212640 
"32768"   0  0  0  0  2900101  1456556  1585211  1524441  624198  658585  694900  1106502  1201435 
"65536"   0  0  0  0  398892  1951342  1889958  1573458  1386099  1121383  1112440  1336163  1112720 
"131072"   0  0  0  0  1701529  1317982  1622979  428544  1419296  867417  1133300  885017  1088782 
"262144"   0  0  0  0  2473544  1924005  628254  650421  636451  486485  445935  491905  454047 
"524288"   0  0  0  0  348078  339613  251152  343796  313824  237255  240410  235074  304865 























	Iozone: Performance Test of File I/O
	        Version $Revision: 3.397 $
		Compiled for 32 bit mode.
		Build: linux 

	Contributors:William Norcott, Don Capps, Isom Crawford, Kirby Collins
	             Al Slater, Scott Rhine, Mike Wisner, Ken Goss
	             Steve Landherr, Brad Smith, Mark Kelly, Dr. Alain CYR,
	             Randy Dunlap, Mark Montague, Dan Million, Gavin Brebner,
	             Jean-Marc Zucconi, Jeff Blomberg, Benny Halevy, Dave Boone,
	             Erik Habbinga, Kris Strecker, Walter Wong, Joshua Root,
	             Fabrice Bacchella, Zhenghua Xue, Qin Li, Darren Sawyer.
	             Ben England.

	Run began: Mon Apr 14 08:57:23 2014

	Excel chart generation enabled
	Auto Mode
	Offset/latency files enabled.
	Command line used: iozone -RaQ
	Output is in Kbytes/sec
	Time Resolution = 0.000001 seconds.
	Processor cache size set to 1024 Kbytes.
	Processor cache line size set to 32 bytes.
	File stride size set to 17 * record size.
                                                            random  random    bkwd   record   stride                                   
              KB  reclen   write rewrite    read    reread    read   write    read  rewrite     read   fwrite frewrite   fread  freread
              64       4  130881  485285   841249   653407 3203741 1595437 2204321  1783103  3198764  1015546  1457333 2909930  2771434
              64       8  254032  307535   418052   454229  576210  451041  538122   463543   561739   480786   466885  547252   555974
              64      16  275790  329848   485059   484427  547234  485188  473874   441024   566116   402753   524115  481599   415461
              64      32  546942  745216  1939077  2068150 4899825 1457144 2057130  2664822  2910546   438311  1394600 2292750  2555897
              64      64  180786  351629   547351   520103  621482  516534  399957   516023   492506    46481   415537  429624   470450
             128       4  208125  186346   362492   414242  563932  384413  538001   330820   498249   417025   272310  518173   428241
             128       8   79605  107115   142534   419609  584651  450716  477453   472187   571225   432260   410103  507900   460586
             128      16  206811  386756   533301   401199  587168  441297  415498   278284   433791   364627   452307  554072   468711
             128      32  249953  403867   563654   537550  659742  549103  609668   389181   509878   612723   377607  447590   533437
             128      64  320820  411668   612155   633363  666364  566403  412894   539825   576680   418444   711370  463656   407570
             128     128  688467 1142995  3989475  4251422 6070723 3206077 2167280  2001870  3052595  2847464  1142783 3290482  3662998
             256       4  302988  715047  1242030  1305479 3651843 1353932 2000228  2066321  2350762  1579508  1024385 2878860  2912671
             256       8  542253  457960  1896908  2415468 4829143 1524147 2263463  2873660  3821390  1896142  1590051 2393674  3370331
             256      16  778396 1236225  2329485  2586909 5554687 2845942 3504469  3281771  4923578  1590320  1599689 3874855  3281320
             256      32  907968 1332557  2413808  1718407 5458921 3008502 3883614  3416303  4004332  1853735  2132297 3459171  3934520
             256      64  787785 1717694  2587862   303318 5452898 2149618 3244885  3708620  4564826  1970768  2641910 3121187  4342376
             256     128 1098373  934452  2691586  2694392 5802477 3195339 3935646  3603502  4057717   723107  3713788 4656884  3080796
             256     256  831489  646596  1299079  4131180 6093889 3286234 4057058  3414472  2414251  2638407  2482802 3877807  5009460
             512       4  374535  665822  1130240   820367 3529870 1673369 1822834  2089463  1679297  1641338  1438543 3082971  2667550
             512       8  532276 1077747  1896114  2072590 4701369 2391788 2082005  2925678  3222462  2065193  1962229 2031307  2215905
             512      16  842107 1064542  2666436  1242568 1802358 2307042 3160222  3201883  4533082  2244980  1855484 3603030  4028267
             512      32  380398 1523446  2695703  3346871 5384305 3105125 1467168  3483714  5390158  2585914  1999930 1847741  3734113
             512      64 1118089 2187837  3303714  3878484 5683199 2437707 4235080  3681836  5442385  1667392  1802704 3655816  4268186
             512     128 1153115 1854703  2875222  4531736 2371588 3323958 4269699  3736565  4831642  1953607  1701428 4099882  4696720
             512     256  912604 1717465  4130664  4697873 5813422 3414502 3577619  2599854  1902683   401545  3241389  722162  3707626
             512     512  748408 1939299  4919448  2653420 4125735 1296572 3681571  3281715  3555143  2992988  2626246  986693   357285
            1024       4  279010  597454  1374382  1350839 3347334 1706807 2461087  2124833  2639703  1681603  1448305 2760347  3241598
            1024       8  397675  760758  1064381  1468914 3112644 1031244 2197848  3160864  3220412  1962051   498057 3292294  3260482
            1024      16  857540 1115326  2560285  2540731 5018025 2612881 2547464  3020006  3982696  2398305  1190617 2169223  2295663
            1024      32  873740 1577631  1774518  1834969 5092665 2820114 2579341  3556550   872242  1378215  2023549 3458132  4512517
            1024      64 1186547 1326560  3219493  4065106 5502575 2908694 2039576  3736092  5330357  1501672  2251123 2462230  1822426
            1024     128 1250220 1084682  2852695  3939546 5718863 3400759 3568834  3936733  5227088  1659555  2147240 1510383  2925359
            1024     256 1306113 1790338  3777068  4031226 5595856 3401712 1961640  3669368  5305985  2821592  2666603 2535059  1561191
            1024     512 1241251 1319594  3723719  4678110 5094222 3190130  448910  2828253  1686848   353841  1793123 3112793  2925336
            1024    1024  580789 2056295  3481794  4266170 3999720 3021081 2884738  2565796  2202056  1084690  2296399 3083501  3150904
            2048       4   67388  762730   873376   775459 1946960  755697 2064324  1899805  2482225  1359854  1422187 2825182  3048045
            2048       8  619870 1111797   959272  1046452 3549111 2157972 2963340  3084723  3160795  1892789  1729652 2004080  2117995
            2048      16  729874 1252628  2534403  2183288 3155686 2311744 2288187  2550555  2153558  1901680  1665184 1696680  3396031
            2048      32  905757 1728205  2904912  2764006 4817705 2615813 3057097  3717139  3447740  2102764  1530628 3189488  3184636
            2048      64 1076808 1831701  1387482  2013764 2726610 2235606 3579990  3856954  2876824  1366340  2008014 1757953  3586058
            2048     128 1251772 2060420  3624412  2892699 4818198 2085328 1034816  3530769  6004048  1856929  1480845 3696459  3697338
            2048     256  666892  880462  1261068  1255678 1348305  291318  874438   197720   479165   928782   780166 1235990  1107654
            2048     512  591404  516504  1272061  1356354 1122248  926678 1177055   265526   549366   325904   726221  845938  1012822
            2048    1024  614847  822829   870708   224140  868541   48044 1057786   271255   712592   147465   853731  921719   977071
            2048    2048  968819 1649027  1574080  1346402  223461  574642  876357  1122150  1630541  1073904  1265838 1531653   478498
            4096       4   48961  674683  1301921  1272885 1517576  525594 2384292  1077909  2454037   685860  1246913 2408094  2364933
            4096       8   33151 1048893  1708104  1850105 3292842 1582645 2128799  2921682  2759976  1564537  1443224 2479480  3182882
            4096      16  494447 1272847  2422159  2160344 2838451 1124680 1065817   959949  2629046  1603737   445212 2830873  2714439
            4096      32  745526 1337683  1662365  2953120 3306090 1949595 2367550  2892701  3197277  1665762   541086 2703708  2872323
            4096      64 1103183 1729006  3032080  2265611 3471410  554110 3011845  3713315  3754289  1573634  1327733 2976700  3237800
            4096     128 1006369 1508097  3365700  3376859 3546492 2363437 2927675  3313799  3363005  1794998  1696020 2147880  3730541
            4096     256   60019 1621489  1060312   784520 2153614 1652352 3054236  3717253  5902062  1945734   749771 1295008  1041723
            4096     512  991296 1863523  1767118  2185645 1950509  941402 2146769  3747167  5192152   517361   811730 2208208  3570965
            4096    1024  361801 1565215  2821131  2980860 2663329  929433 2749177  3007305  1352235   485140   170176 2852475  2556854
            4096    2048  905183 1166303  1485701   721381  747594  341077 1546768  1360749  1238183    65071   424327  781239  1543966
            4096    4096  861428 1193812  1689091  1750368 1137431 1373577 1599377  1253742  1693293  1247284   221729  617136  1475455
            8192       4   38277  412364   254812   964433 1963071  788747 1470206  1282804  1593175   947264   667260  974188   688467
            8192       8  469856  665740   288643  1396740 3043096 1549446 2544044  1160339  1165962   413487  1276615 2974639  1636409
            8192      16  180064  853068   680166  1688380 1192263  311055 1185022  1545667  3250921  1269680   371536 2208088  3369866
            8192      32  956462 1102857   853858  1763214 3608863 1575652  780713  2350687  3420554  1686609  1150223 3263740  3456622
            8192      64  844185 1028901   230890  2290864 2674561 1544789 2696509  2360133  1854664  1357197   943007 2403828  2841378
            8192     128  177836 1539278  3178998  3358846 3596179 1602518 1910412  2628069  2664115  1358548  1269870 3387835  3783659
            8192     256 1124511 1693272  2840519  3099637 3780405 1801236 2104863  3718422  3207604  1122946   566610 2800689  2824820
            8192     512  611251 1033822  3220003  3300684 3318102 1356508 2786469  3385102  5337143    58081   956778 1163984  2664154
            8192    1024  602266  647484  1187244  1153965 1291293 1443017 2137205  2914371  3775149    98842   582437 1235958   852352
            8192    2048  891315  393751   788984   862138  952437 1241582  725015   666562   918088   198338   749425 1349141   830491
            8192    4096  815602  990088  1358101  1249533 1124662 1063749 1448125  1178684   970498    76883   526072  731955   645095
            8192    8192  129356 1040532  1182974  1387784 1356530 1244969  777374  1159537   660438  1245735  1344057 1335056  1382835
           16384       4    8137  585456   896770  1106283 1353367  930698 1450952   904487  2303371   799691   590008 1776642  2062681
           16384       8  214852  381982   350909   565939 1196517  552171 2946240  2893210  2072321  1206400  1036902 2275202  2186563
           16384      16  618613 1134852  1655954   976287 1070632  987222 2006623  3225803  1089003  1087049  1399015 2692991  2403383
           16384      32  917203  792264  2329955  1074154 1509075  616612 2573226  3445713  1712374   705145  1193291 3162288  3350485
           16384      64  885427 1452616  3101924  2829203 2388359 1312601 2997494  3457251  3660465  1528928  1232345 3217595  3373945
           16384     128  366500  654130  2719840  2643468 2325258 1126584 2526457  2470434  2537786  1336910  1500239 3726265  3841550
           16384     256 1022592  896376  1241771  3112473 3537872 1788466 2701840  3801438  1954677  1264289  1328045 3012382  2655857
           16384     512  564089  442452  2931457  2601432 2902927  696127 1677330  3945204  1838602   196852   840072 2949371  1304053
           16384    1024  655834  891499  1310514   841544 1806978   35588 2536609  2042645  1157068   704143   299344 1099891  1563202
           16384    2048  822783 1107924   897650  1248875 1784548 1246118 1689770   994899  1497348   179668   918236  970955  1537095
           16384    4096  314750  680172  1296103   875773 1216252  693913  977681   899133   724026   171395   781975 1011486  1291408
           16384    8192  419489  751731  1309675   975475 1241013  705237 1148219  1029273   522783    98269   881573 1030497  1337898
           16384   16384   42144 1157060  1081529   882896 1337569 1119577 1381686  1197568  1466119   921739  1287637  973448  1472709
           32768      64   15292 1473309  2431025  2250716 3065326 1634555 2604366  3383685  3456932  1190352  1174356 2391631  2537983
           32768     128  294779 1233036  2534083  2209442 3429008 1265169 2941500  2201116  3737667  1320919  1243611 3371884  3499357
           32768     256  940499 1231507  2368490  2032630 3172092 1267133 2535448  3880637  3106279  1407916  1098344 2566423  2716178
           32768     512  847592  929667  2725672  1697390 3001279 1040252 3310883  1617379  3649045   802191   732671 2249319  3444222
           32768    1024  772537 1180146  2251638  1662684 1374042 1069452 1932522  1674744  1732191   677471   528525 2233514  2604969
           32768    2048  849658 1000088   955694  1596415 1076688  678468 1367720  1078920  1652786   230041   667766 1601023  1726997
           32768    4096  369608  923431  1204350  1392246 1147216  977942  894224  1081948  1207901    64576   724152 1050326  1325727
           32768    8192  378873  881265   650287  1027084 1409067  921797 1037322   533117  1214659   162360   779113 1512551  1246922
           32768   16384  448679  900345   889247  1064518 1118628  803453 1220686   974742  1176292   140605   572125  392116   838700
           65536      64   27352  425146  3098925  2516655 3505703  994023 1838477  2618809  1891372   597444   732916 2443174  2394626
           65536     128  252365  585712   861601   921069 1009332  564362  792568   463994   990686   526275   568637  860414   833069
           65536     256  400633  481904   776391   854512  887325  552361  908959   462475  1015147   473198   554346  853978   863270
           65536     512  383370  396875   851890   894823  843579  535079  866077   437390   863520   407727   433035  572567   784279
           65536    1024  306922  493471   797964   740569  790733  495546  682509   407612   736897   366852   427131  751318   790455
           65536    2048  387945  473272   615281   719219  631349  495557  720515   361719   738308   339113   399108  621700   659169
           65536    4096  360185  435218   641786   624741  655720  442753  639020   331386   397132   378356   387844  589580   622793
           65536    8192  357473  347179   501999   584824  525364  448965  643790   351925   377114   209770   422592  601872   640669
           65536   16384  265359  503329   682665   660359  639413  502303  656956   348862   401258   390343   432070  686896   625720
          131072      64   16439   83318   744456  1324655 1310916   53596 1248054   454893  1423969    67907    88871 1026364  1367853
          131072     128   13077   90391  1259122  1467754 1317982   68318 1050113   447893  1422793    92983    92561 1458999  1393551
          131072     256   87566   85884  1238398  1500813 1218832   62479 1349686   413477  1442507    93783   108205 1411440  1253018
          131072     512   76441   92671  1351646  1306811 1400702   69659 1144773   457918  1148283    71186    99942 1252097  1394413
          131072    1024   90458   90686  1018082  1186278 1089877   81359 1072637   397446  1086509    99106    98587 1211094  1171718
          131072    2048   85139   98178   849571   907405  879949   84830  825292   364212   814601   102628    98286  880806   888021
          131072    4096   83942   96443   926114   880552  835774   95317  812551   358149   762236    93415   100330  898565   848362
          131072    8192   68741   95488   832593   886424  843682   89555  836201   349123   409689    61762   118124  847287   855600
          131072   16384   73269   93185   886148   842430  873423   99254  847830   364065   369420    44515   125484  872358   832784
          262144      64    6703   30095    63605   115884 1825718   19011 1913111   520669  1662094    54594    67503 1806455  1828330
          262144     128    4316   78793   632228  1039523 2091779   22311 1878629   523957  2123877    83255    73280 1782420  2308784
          262144     256   32844   76446  1584201  1863924 1827858   30027 1632258   529557  1919485    87014    77687 1912051  1941434
          262144     512   14616   71163  1612240  1851952 1726210   33403 1769222   500965  1903427    76856    64059  471585   911117
          262144    1024   25949   65963  1195006   977543 1053455   45457 1063874   367143   702172    83551    72094 1303420  1013822
          262144    2048   37009   85404   879193   974589  964775   52673  952160   335126   989095    86496    87802  993440   959974
          262144    4096   41674   81248   924259   937031  898501   64827  831160   334646   879397    88248    83187  885442   965343
          262144    8192   32646   83528   900170   919528  923956   74901  918530   336197   924321    83990    84337  947435   979519
          262144   16384   57235   71373   945340   953549  518976   68123  937725   344292   394126    69841    76602  894847   904256
          524288      64   25636   13429   255571  1874847 2070729   15353 1125279   162038   734986    50371    60126 2034418  2145230
          524288     128   48609   63341  1818878  1523902 1705628   17895  832188   225540  1131645    45862    32565  731868   662572
          524288     256   16240   44655   603631   754987 1188901   22854  729795   282804  1806836    58096    67784 1874712  2014772
          524288     512   26865   63336  1701295  2020821 1921856   32773 1877553   426914  1803523    62361    58567 2015081  1802550
          524288    1024   29168   57714  1416895  1107026 1245177   31755 1590973   415397  1872578    39863    43967 1556771  1486047
          524288    2048   14566   67114  1044013  1000639 1065916   38254 1077648   326370  1061331    67246    63168  895025  1066525
          524288    4096   28975   62944   985722   545979  524095   48220  985315   331860   948887    40798    54508  971771   907670
          524288    8192   32676   30993   964905   976657 1012281   51695 1018400   341348   967649    40199    36501  939661   979102
          524288   16384   25370   60244   986811   949652  990624   48143  976140   165348   527967    51485    39738  598853   533964

iozone test complete.
Excel output is below:

"Writer report"
        "4"  "8"  "16"  "32"  "64"  "128"  "256"  "512"  "1024"  "2048"  "4096"  "8192"  "16384"
"64"   130881  254032  275790  546942  180786 
"128"   208125  79605  206811  249953  320820  688467 
"256"   302988  542253  778396  907968  787785  1098373  831489 
"512"   374535  532276  842107  380398  1118089  1153115  912604  748408 
"1024"   279010  397675  857540  873740  1186547  1250220  1306113  1241251  580789 
"2048"   67388  619870  729874  905757  1076808  1251772  666892  591404  614847  968819 
"4096"   48961  33151  494447  745526  1103183  1006369  60019  991296  361801  905183  861428 
"8192"   38277  469856  180064  956462  844185  177836  1124511  611251  602266  891315  815602  129356 
"16384"   8137  214852  618613  917203  885427  366500  1022592  564089  655834  822783  314750  419489  42144 
"32768"   0  0  0  0  15292  294779  940499  847592  772537  849658  369608  378873  448679 
"65536"   0  0  0  0  27352  252365  400633  383370  306922  387945  360185  357473  265359 
"131072"   0  0  0  0  16439  13077  87566  76441  90458  85139  83942  68741  73269 
"262144"   0  0  0  0  6703  4316  32844  14616  25949  37009  41674  32646  57235 
"524288"   0  0  0  0  25636  48609  16240  26865  29168  14566  28975  32676  25370 

"Re-writer report"
        "4"  "8"  "16"  "32"  "64"  "128"  "256"  "512"  "1024"  "2048"  "4096"  "8192"  "16384"
"64"   485285  307535  329848  745216  351629 
"128"   186346  107115  386756  403867  411668  1142995 
"256"   715047  457960  1236225  1332557  1717694  934452  646596 
"512"   665822  1077747  1064542  1523446  2187837  1854703  1717465  1939299 
"1024"   597454  760758  1115326  1577631  1326560  1084682  1790338  1319594  2056295 
"2048"   762730  1111797  1252628  1728205  1831701  2060420  880462  516504  822829  1649027 
"4096"   674683  1048893  1272847  1337683  1729006  1508097  1621489  1863523  1565215  1166303  1193812 
"8192"   412364  665740  853068  1102857  1028901  1539278  1693272  1033822  647484  393751  990088  1040532 
"16384"   585456  381982  1134852  792264  1452616  654130  896376  442452  891499  1107924  680172  751731  1157060 
"32768"   0  0  0  0  1473309  1233036  1231507  929667  1180146  1000088  923431  881265  900345 
"65536"   0  0  0  0  425146  585712  481904  396875  493471  473272  435218  347179  503329 
"131072"   0  0  0  0  83318  90391  85884  92671  90686  98178  96443  95488  93185 
"262144"   0  0  0  0  30095  78793  76446  71163  65963  85404  81248  83528  71373 
"524288"   0  0  0  0  13429  63341  44655  63336  57714  67114  62944  30993  60244 

"Reader report"
        "4"  "8"  "16"  "32"  "64"  "128"  "256"  "512"  "1024"  "2048"  "4096"  "8192"  "16384"
"64"   841249  418052  485059  1939077  547351 
"128"   362492  142534  533301  563654  612155  3989475 
"256"   1242030  1896908  2329485  2413808  2587862  2691586  1299079 
"512"   1130240  1896114  2666436  2695703  3303714  2875222  4130664  4919448 
"1024"   1374382  1064381  2560285  1774518  3219493  2852695  3777068  3723719  3481794 
"2048"   873376  959272  2534403  2904912  1387482  3624412  1261068  1272061  870708  1574080 
"4096"   1301921  1708104  2422159  1662365  3032080  3365700  1060312  1767118  2821131  1485701  1689091 
"8192"   254812  288643  680166  853858  230890  3178998  2840519  3220003  1187244  788984  1358101  1182974 
"16384"   896770  350909  1655954  2329955  3101924  2719840  1241771  2931457  1310514  897650  1296103  1309675  1081529 
"32768"   0  0  0  0  2431025  2534083  2368490  2725672  2251638  955694  1204350  650287  889247 
"65536"   0  0  0  0  3098925  861601  776391  851890  797964  615281  641786  501999  682665 
"131072"   0  0  0  0  744456  1259122  1238398  1351646  1018082  849571  926114  832593  886148 
"262144"   0  0  0  0  63605  632228  1584201  1612240  1195006  879193  924259  900170  945340 
"524288"   0  0  0  0  255571  1818878  603631  1701295  1416895  1044013  985722  964905  986811 

"Re-Reader report"
        "4"  "8"  "16"  "32"  "64"  "128"  "256"  "512"  "1024"  "2048"  "4096"  "8192"  "16384"
"64"   653407  454229  484427  2068150  520103 
"128"   414242  419609  401199  537550  633363  4251422 
"256"   1305479  2415468  2586909  1718407  303318  2694392  4131180 
"512"   820367  2072590  1242568  3346871  3878484  4531736  4697873  2653420 
"1024"   1350839  1468914  2540731  1834969  4065106  3939546  4031226  4678110  4266170 
"2048"   775459  1046452  2183288  2764006  2013764  2892699  1255678  1356354  224140  1346402 
"4096"   1272885  1850105  2160344  2953120  2265611  3376859  784520  2185645  2980860  721381  1750368 
"8192"   964433  1396740  1688380  1763214  2290864  3358846  3099637  3300684  1153965  862138  1249533  1387784 
"16384"   1106283  565939  976287  1074154  2829203  2643468  3112473  2601432  841544  1248875  875773  975475  882896 
"32768"   0  0  0  0  2250716  2209442  2032630  1697390  1662684  1596415  1392246  1027084  1064518 
"65536"   0  0  0  0  2516655  921069  854512  894823  740569  719219  624741  584824  660359 
"131072"   0  0  0  0  1324655  1467754  1500813  1306811  1186278  907405  880552  886424  842430 
"262144"   0  0  0  0  115884  1039523  1863924  1851952  977543  974589  937031  919528  953549 
"524288"   0  0  0  0  1874847  1523902  754987  2020821  1107026  1000639  545979  976657  949652 

"Random read report"
        "4"  "8"  "16"  "32"  "64"  "128"  "256"  "512"  "1024"  "2048"  "4096"  "8192"  "16384"
"64"   3203741  576210  547234  4899825  621482 
"128"   563932  584651  587168  659742  666364  6070723 
"256"   3651843  4829143  5554687  5458921  5452898  5802477  6093889 
"512"   3529870  4701369  1802358  5384305  5683199  2371588  5813422  4125735 
"1024"   3347334  3112644  5018025  5092665  5502575  5718863  5595856  5094222  3999720 
"2048"   1946960  3549111  3155686  4817705  2726610  4818198  1348305  1122248  868541  223461 
"4096"   1517576  3292842  2838451  3306090  3471410  3546492  2153614  1950509  2663329  747594  1137431 
"8192"   1963071  3043096  1192263  3608863  2674561  3596179  3780405  3318102  1291293  952437  1124662  1356530 
"16384"   1353367  1196517  1070632  1509075  2388359  2325258  3537872  2902927  1806978  1784548  1216252  1241013  1337569 
"32768"   0  0  0  0  3065326  3429008  3172092  3001279  1374042  1076688  1147216  1409067  1118628 
"65536"   0  0  0  0  3505703  1009332  887325  843579  790733  631349  655720  525364  639413 
"131072"   0  0  0  0  1310916  1317982  1218832  1400702  1089877  879949  835774  843682  873423 
"262144"   0  0  0  0  1825718  2091779  1827858  1726210  1053455  964775  898501  923956  518976 
"524288"   0  0  0  0  2070729  1705628  1188901  1921856  1245177  1065916  524095  1012281  990624 

"Random write report"
        "4"  "8"  "16"  "32"  "64"  "128"  "256"  "512"  "1024"  "2048"  "4096"  "8192"  "16384"
"64"   1595437  451041  485188  1457144  516534 
"128"   384413  450716  441297  549103  566403  3206077 
"256"   1353932  1524147  2845942  3008502  2149618  3195339  3286234 
"512"   1673369  2391788  2307042  3105125  2437707  3323958  3414502  1296572 
"1024"   1706807  1031244  2612881  2820114  2908694  3400759  3401712  3190130  3021081 
"2048"   755697  2157972  2311744  2615813  2235606  2085328  291318  926678  48044  574642 
"4096"   525594  1582645  1124680  1949595  554110  2363437  1652352  941402  929433  341077  1373577 
"8192"   788747  1549446  311055  1575652  1544789  1602518  1801236  1356508  1443017  1241582  1063749  1244969 
"16384"   930698  552171  987222  616612  1312601  1126584  1788466  696127  35588  1246118  693913  705237  1119577 
"32768"   0  0  0  0  1634555  1265169  1267133  1040252  1069452  678468  977942  921797  803453 
"65536"   0  0  0  0  994023  564362  552361  535079  495546  495557  442753  448965  502303 
"131072"   0  0  0  0  53596  68318  62479  69659  81359  84830  95317  89555  99254 
"262144"   0  0  0  0  19011  22311  30027  33403  45457  52673  64827  74901  68123 
"524288"   0  0  0  0  15353  17895  22854  32773  31755  38254  48220  51695  48143 

"Backward read report"
        "4"  "8"  "16"  "32"  "64"  "128"  "256"  "512"  "1024"  "2048"  "4096"  "8192"  "16384"
"64"   2204321  538122  473874  2057130  399957 
"128"   538001  477453  415498  609668  412894  2167280 
"256"   2000228  2263463  3504469  3883614  3244885  3935646  4057058 
"512"   1822834  2082005  3160222  1467168  4235080  4269699  3577619  3681571 
"1024"   2461087  2197848  2547464  2579341  2039576  3568834  1961640  448910  2884738 
"2048"   2064324  2963340  2288187  3057097  3579990  1034816  874438  1177055  1057786  876357 
"4096"   2384292  2128799  1065817  2367550  3011845  2927675  3054236  2146769  2749177  1546768  1599377 
"8192"   1470206  2544044  1185022  780713  2696509  1910412  2104863  2786469  2137205  725015  1448125  777374 
"16384"   1450952  2946240  2006623  2573226  2997494  2526457  2701840  1677330  2536609  1689770  977681  1148219  1381686 
"32768"   0  0  0  0  2604366  2941500  2535448  3310883  1932522  1367720  894224  1037322  1220686 
"65536"   0  0  0  0  1838477  792568  908959  866077  682509  720515  639020  643790  656956 
"131072"   0  0  0  0  1248054  1050113  1349686  1144773  1072637  825292  812551  836201  847830 
"262144"   0  0  0  0  1913111  1878629  1632258  1769222  1063874  952160  831160  918530  937725 
"524288"   0  0  0  0  1125279  832188  729795  1877553  1590973  1077648  985315  1018400  976140 

"Record rewrite report"
        "4"  "8"  "16"  "32"  "64"  "128"  "256"  "512"  "1024"  "2048"  "4096"  "8192"  "16384"
"64"   1783103  463543  441024  2664822  516023 
"128"   330820  472187  278284  389181  539825  2001870 
"256"   2066321  2873660  3281771  3416303  3708620  3603502  3414472 
"512"   2089463  2925678  3201883  3483714  3681836  3736565  2599854  3281715 
"1024"   2124833  3160864  3020006  3556550  3736092  3936733  3669368  2828253  2565796 
"2048"   1899805  3084723  2550555  3717139  3856954  3530769  197720  265526  271255  1122150 
"4096"   1077909  2921682  959949  2892701  3713315  3313799  3717253  3747167  3007305  1360749  1253742 
"8192"   1282804  1160339  1545667  2350687  2360133  2628069  3718422  3385102  2914371  666562  1178684  1159537 
"16384"   904487  2893210  3225803  3445713  3457251  2470434  3801438  3945204  2042645  994899  899133  1029273  1197568 
"32768"   0  0  0  0  3383685  2201116  3880637  1617379  1674744  1078920  1081948  533117  974742 
"65536"   0  0  0  0  2618809  463994  462475  437390  407612  361719  331386  351925  348862 
"131072"   0  0  0  0  454893  447893  413477  457918  397446  364212  358149  349123  364065 
"262144"   0  0  0  0  520669  523957  529557  500965  367143  335126  334646  336197  344292 
"524288"   0  0  0  0  162038  225540  282804  426914  415397  326370  331860  341348  165348 

"Stride read report"
        "4"  "8"  "16"  "32"  "64"  "128"  "256"  "512"  "1024"  "2048"  "4096"  "8192"  "16384"
"64"   3198764  561739  566116  2910546  492506 
"128"   498249  571225  433791  509878  576680  3052595 
"256"   2350762  3821390  4923578  4004332  4564826  4057717  2414251 
"512"   1679297  3222462  4533082  5390158  5442385  4831642  1902683  3555143 
"1024"   2639703  3220412  3982696  872242  5330357  5227088  5305985  1686848  2202056 
"2048"   2482225  3160795  2153558  3447740  2876824  6004048  479165  549366  712592  1630541 
"4096"   2454037  2759976  2629046  3197277  3754289  3363005  5902062  5192152  1352235  1238183  1693293 
"8192"   1593175  1165962  3250921  3420554  1854664  2664115  3207604  5337143  3775149  918088  970498  660438 
"16384"   2303371  2072321  1089003  1712374  3660465  2537786  1954677  1838602  1157068  1497348  724026  522783  1466119 
"32768"   0  0  0  0  3456932  3737667  3106279  3649045  1732191  1652786  1207901  1214659  1176292 
"65536"   0  0  0  0  1891372  990686  1015147  863520  736897  738308  397132  377114  401258 
"131072"   0  0  0  0  1423969  1422793  1442507  1148283  1086509  814601  762236  409689  369420 
"262144"   0  0  0  0  1662094  2123877  1919485  1903427  702172  989095  879397  924321  394126 
"524288"   0  0  0  0  734986  1131645  1806836  1803523  1872578  1061331  948887  967649  527967 

"Fwrite report"
        "4"  "8"  "16"  "32"  "64"  "128"  "256"  "512"  "1024"  "2048"  "4096"  "8192"  "16384"
"64"   1015546  480786  402753  438311  46481 
"128"   417025  432260  364627  612723  418444  2847464 
"256"   1579508  1896142  1590320  1853735  1970768  723107  2638407 
"512"   1641338  2065193  2244980  2585914  1667392  1953607  401545  2992988 
"1024"   1681603  1962051  2398305  1378215  1501672  1659555  2821592  353841  1084690 
"2048"   1359854  1892789  1901680  2102764  1366340  1856929  928782  325904  147465  1073904 
"4096"   685860  1564537  1603737  1665762  1573634  1794998  1945734  517361  485140  65071  1247284 
"8192"   947264  413487  1269680  1686609  1357197  1358548  1122946  58081  98842  198338  76883  1245735 
"16384"   799691  1206400  1087049  705145  1528928  1336910  1264289  196852  704143  179668  171395  98269  921739 
"32768"   0  0  0  0  1190352  1320919  1407916  802191  677471  230041  64576  162360  140605 
"65536"   0  0  0  0  597444  526275  473198  407727  366852  339113  378356  209770  390343 
"131072"   0  0  0  0  67907  92983  93783  71186  99106  102628  93415  61762  44515 
"262144"   0  0  0  0  54594  83255  87014  76856  83551  86496  88248  83990  69841 
"524288"   0  0  0  0  50371  45862  58096  62361  39863  67246  40798  40199  51485 

"Re-Fwrite report"
        "4"  "8"  "16"  "32"  "64"  "128"  "256"  "512"  "1024"  "2048"  "4096"  "8192"  "16384"
"64"   1457333  466885  524115  1394600  415537 
"128"   272310  410103  452307  377607  711370  1142783 
"256"   1024385  1590051  1599689  2132297  2641910  3713788  2482802 
"512"   1438543  1962229  1855484  1999930  1802704  1701428  3241389  2626246 
"1024"   1448305  498057  1190617  2023549  2251123  2147240  2666603  1793123  2296399 
"2048"   1422187  1729652  1665184  1530628  2008014  1480845  780166  726221  853731  1265838 
"4096"   1246913  1443224  445212  541086  1327733  1696020  749771  811730  170176  424327  221729 
"8192"   667260  1276615  371536  1150223  943007  1269870  566610  956778  582437  749425  526072  1344057 
"16384"   590008  1036902  1399015  1193291  1232345  1500239  1328045  840072  299344  918236  781975  881573  1287637 
"32768"   0  0  0  0  1174356  1243611  1098344  732671  528525  667766  724152  779113  572125 
"65536"   0  0  0  0  732916  568637  554346  433035  427131  399108  387844  422592  432070 
"131072"   0  0  0  0  88871  92561  108205  99942  98587  98286  100330  118124  125484 
"262144"   0  0  0  0  67503  73280  77687  64059  72094  87802  83187  84337  76602 
"524288"   0  0  0  0  60126  32565  67784  58567  43967  63168  54508  36501  39738 

"Fread report"
        "4"  "8"  "16"  "32"  "64"  "128"  "256"  "512"  "1024"  "2048"  "4096"  "8192"  "16384"
"64"   2909930  547252  481599  2292750  429624 
"128"   518173  507900  554072  447590  463656  3290482 
"256"   2878860  2393674  3874855  3459171  3121187  4656884  3877807 
"512"   3082971  2031307  3603030  1847741  3655816  4099882  722162  986693 
"1024"   2760347  3292294  2169223  3458132  2462230  1510383  2535059  3112793  3083501 
"2048"   2825182  2004080  1696680  3189488  1757953  3696459  1235990  845938  921719  1531653 
"4096"   2408094  2479480  2830873  2703708  2976700  2147880  1295008  2208208  2852475  781239  617136 
"8192"   974188  2974639  2208088  3263740  2403828  3387835  2800689  1163984  1235958  1349141  731955  1335056 
"16384"   1776642  2275202  2692991  3162288  3217595  3726265  3012382  2949371  1099891  970955  1011486  1030497  973448 
"32768"   0  0  0  0  2391631  3371884  2566423  2249319  2233514  1601023  1050326  1512551  392116 
"65536"   0  0  0  0  2443174  860414  853978  572567  751318  621700  589580  601872  686896 
"131072"   0  0  0  0  1026364  1458999  1411440  1252097  1211094  880806  898565  847287  872358 
"262144"   0  0  0  0  1806455  1782420  1912051  471585  1303420  993440  885442  947435  894847 
"524288"   0  0  0  0  2034418  731868  1874712  2015081  1556771  895025  971771  939661  598853 

"Re-Fread report"
        "4"  "8"  "16"  "32"  "64"  "128"  "256"  "512"  "1024"  "2048"  "4096"  "8192"  "16384"
"64"   2771434  555974  415461  2555897  470450 
"128"   428241  460586  468711  533437  407570  3662998 
"256"   2912671  3370331  3281320  3934520  4342376  3080796  5009460 
"512"   2667550  2215905  4028267  3734113  4268186  4696720  3707626  357285 
"1024"   3241598  3260482  2295663  4512517  1822426  2925359  1561191  2925336  3150904 
"2048"   3048045  2117995  3396031  3184636  3586058  3697338  1107654  1012822  977071  478498 
"4096"   2364933  3182882  2714439  2872323  3237800  3730541  1041723  3570965  2556854  1543966  1475455 
"8192"   688467  1636409  3369866  3456622  2841378  3783659  2824820  2664154  852352  830491  645095  1382835 
"16384"   2062681  2186563  2403383  3350485  3373945  3841550  2655857  1304053  1563202  1537095  1291408  1337898  1472709 
"32768"   0  0  0  0  2537983  3499357  2716178  3444222  2604969  1726997  1325727  1246922  838700 
"65536"   0  0  0  0  2394626  833069  863270  784279  790455  659169  622793  640669  625720 
"131072"   0  0  0  0  1367853  1393551  1253018  1394413  1171718  888021  848362  855600  832784 
"262144"   0  0  0  0  1828330  2308784  1941434  911117  1013822  959974  965343  979519  904256 
"524288"   0  0  0  0  2145230  662572  2014772  1802550  1486047  1066525  907670  979102  533964 
